1000
0 1 91 38 22 75 70 93 0 0
1 1 48 8 67 75 60 37 0 0
2 1 30 47 9 55 71 70 0 0
3 1 19 36 83 53 11 37 0 0
4 1 89 70 89 88 5 32 0 0
5 1 21 21 20 78 26 79 0 0
6 1 44 54 17 53 85 87 0 0
7 1 31 12 29 7 59 95 0 0
8 1 90 46 23 92 2 11 0 0
9 1 39 74 52 35 55 95 0 0
10 1 45 39 53 57 9 12 0 0
11 1 57 10 51 2 98 5 0 0
12 1 68 6 32 95 64 70 0 0
13 1 44 53 15 40 29 93 0 0
14 1 83 26 64 28 61 53 0 0
15 1 50 13 69 8 0 67 0 0
16 1 58 77 82 56 90 46 0 0
17 1 40 81 30 11 68 41 0 0
18 1 67 42 95 0 50 5 0 0
19 1 54 2 38 63 38 14 0 0
20 1 39 81 22 46 58 98 0 0
21 1 97 48 94 37 73 86 0 0
22 1 1 59 91 34 85 72 0 0
23 1 11 28 19 53 56 49 0 0
24 1 99 51 35 28 62 15 0 0
25 1 2 12 82 29 46 15 0 0
26 1 4 0 66 98 14 94 0 0
27 1 61 67 54 90 73 59 0 0
28 1 64 11 82 0 14 48 0 0
29 1 0 59 13 82 78 39 0 0
30 1 68 68 93 27 66 62 0 0
31 1 44 96 18 38 42 29 0 0
32 1 4 89 77 1 1 33 0 0
33 1 97 83 18 45 49 56 0 0
34 1 53 33 76 59 63 30 0 0
35 1 98 72 40 66 55 7 0 0
36 1 7 5 91 61 57 26 0 0
37 1 63 67 68 82 27 92 0 0
38 1 99 56 16 72 45 51 0 0
39 1 65 85 66 47 47 15 0 0
40 1 27 19 54 10 63 76 0 0
41 1 25 81 10 20 29 46 0 0
42 1 3 69 32 26 58 76 0 0
43 1 66 43 25 43 77 22 0 0
44 1 57 77 94 78 16 56 0 0
45 1 14 6 58 71 34 72 0 0
46 1 93 94 88 42 87 7 0 0
47 1 25 47 73 43 95 94 0 0
48 1 69 47 19 43 63 85 0 0
49 1 95 83 35 62 46 51 0 0
50 1 6 89 63 99 88 73 0 0
51 1 28 99 73 37 64 84 0 0
52 1 38 80 93 96 33 6 0 0
53 1 12 36 79 74 45 97 0 0
54 1 85 92 75 5 18 17 0 0
55 1 82 62 38 40 44 96 0 0
56 1 31 52 69 47 57 59 0 0
57 1 1 15 19 39 96 59 0 0
58 1 27 54 93 99 53 13 0 0
59 1 96 48 25 19 71 47 0 0
60 1 62 35 96 96 41 22 0 0
61 1 56 60 89 72 75 60 0 0
62 1 95 37 21 68 18 29 0 0
63 1 21 72 60 46 91 84 0 0
64 1 59 64 88 89 61 58 0 0
65 1 1 21 3 16 10 62 0 0
66 1 89 89 94 4 77 68 0 0
67 1 24 98 47 16 76 79 0 0
68 1 96 98 39 2 9 92 0 0
69 1 25 99 46 20 62 35 0 0
70 1 62 91 42 65 80 57 0 0
71 1 47 96 36 66 63 97 0 0
72 1 39 44 77 81 42 22 0 0
73 1 46 34 25 37 34 16 0 0
74 1 29 14 98 75 60 95 0 0
75 1 35 74 59 14 54 4 0 0
76 1 49 84 3 96 44 73 0 0
77 1 71 54 86 57 47 1 0 0
78 1 63 86 19 54 50 4 0 0
79 1 16 4 68 27 83 79 0 0
80 1 92 27 98 36 80 50 0 0
81 1 1 98 80 76 37 50 0 0
82 1 23 39 40 84 26 9 0 0
83 1 34 84 98 41 18 73 0 0
84 1 44 88 77 61 50 37 0 0
85 1 21 45 73 0 91 48 0 0
86 1 21 13 68 49 40 64 0 0
87 1 5 80 16 22 67 14 0 0
88 1 48 81 55 72 69 14 0 0
89 1 33 39 68 35 46 89 0 0
90 1 70 67 88 36 1 31 0 0
91 1 77 32 25 19 69 56 0 0
92 1 25 14 0 55 22 73 0 0
93 1 78 67 83 89 1 21 0 0
94 1 0 41 25 52 4 22 0 0
95 1 91 76 26 45 41 19 0 0
96 1 58 9 50 84 49 46 0 0
97 1 78 56 38 6 74 7 0 0
98 1 1 89 28 34 14 0 0 0
99 1 16 53 41 17 15 7 0 0
100 1 22 36 79 88 47 90 0 0
101 1 46 0 20 41 98 37 0 0
102 1 60 68 13 54 20 66 0 0
103 1 15 44 12 5 5 68 0 0
104 1 38 7 27 18 24 50 0 0
105 1 11 85 66 49 57 7 0 0
106 1 54 13 26 17 83 46 0 0
107 1 24 16 96 2 82 36 0 0
108 1 11 61 13 64 20 74 0 0
109 1 31 87 19 42 58 72 0 0
110 1 77 11 68 60 81 91 0 0
111 1 82 46 50 75 73 64 0 0
112 1 96 71 52 36 31 71 0 0
113 1 44 38 14 3 98 78 0 0
114 1 31 35 6 26 63 54 0 0
115 1 73 27 80 62 95 74 0 0
116 1 44 66 29 6 22 37 0 0
117 1 10 9 68 83 66 19 0 0
118 1 50 27 90 49 74 64 0 0
119 1 80 0 21 49 85 43 0 0
120 1 83 91 62 35 51 48 0 0
121 1 96 93 45 66 50 61 0 0
122 1 42 93 39 0 72 62 0 0
123 1 11 37 12 69 69 20 0 0
124 1 92 88 48 23 24 7 0 0
125 1 90 38 61 79 69 1 0 0
126 1 95 79 71 83 38 92 0 0
127 1 18 81 22 46 14 13 0 0
128 1 9 50 4 76 70 50 0 0
129 1 32 21 52 36 29 92 0 0
130 1 25 2 34 53 2 93 0 0
131 1 40 72 39 49 40 27 0 0
132 1 49 42 13 73 26 83 0 0
133 1 19 58 84 93 27 84 0 0
134 1 87 98 6 59 99 40 0 0
135 1 85 23 63 58 80 28 0 0
136 1 49 93 73 10 23 41 0 0
137 1 40 33 44 26 64 82 0 0
138 1 84 29 92 57 25 44 0 0
139 1 98 66 70 84 66 97 0 0
140 1 45 10 80 17 2 56 0 0
141 1 89 46 48 40 55 10 0 0
142 1 42 40 40 35 28 57 0 0
143 1 68 51 51 75 16 53 0 0
144 1 26 55 76 27 36 43 0 0
145 1 44 60 2 57 28 47 0 0
146 1 54 76 4 70 13 87 0 0
147 1 84 77 7 63 10 85 0 0
148 1 49 23 46 21 23 79 0 0
149 1 65 29 10 55 46 83 0 0
150 1 68 20 71 36 16 60 0 0
151 1 32 95 79 31 7 43 0 0
152 1 94 33 34 83 68 35 0 0
153 1 36 1 76 86 30 47 0 0
154 1 72 29 5 1 85 76 0 0
155 1 79 98 50 87 5 94 0 0
156 1 82 84 14 73 97 12 0 0
157 1 10 72 84 35 63 14 0 0
158 1 38 65 56 56 97 97 0 0
159 1 86 43 34 30 66 35 0 0
160 1 44 68 9 39 27 36 0 0
161 1 94 44 67 23 46 48 0 0
162 1 73 33 9 29 42 79 0 0
163 1 75 77 80 5 65 58 0 0
164 1 33 44 14 23 96 47 0 0
165 1 48 69 75 95 2 20 0 0
166 1 2 32 80 70 67 41 0 0
167 1 76 23 75 74 25 16 0 0
168 1 16 40 34 98 79 18 0 0
169 1 50 37 4 35 66 49 0 0
170 1 2 29 7 18 83 39 0 0
171 1 71 79 92 68 37 20 0 0
172 1 6 23 92 85 74 1 0 0
173 1 17 99 95 50 62 96 0 0
174 1 31 2 35 43 88 26 0 0
175 1 31 20 15 10 95 61 0 0
176 1 2 91 6 43 31 23 0 0
177 1 84 75 11 6 13 11 0 0
178 1 39 34 26 6 51 27 0 0
179 1 91 98 19 75 16 4 0 0
180 1 57 51 68 5 62 7 0 0
181 1 70 94 2 75 87 78 0 0
182 1 67 82 69 81 55 96 0 0
183 1 65 75 74 54 23 12 0 0
184 1 24 74 55 68 74 39 0 0
185 1 39 0 73 54 35 11 0 0
186 1 91 55 63 18 10 57 0 0
187 1 83 52 91 4 7 41 0 0
188 1 79 1 25 80 40 11 0 0
189 1 71 80 97 57 67 13 0 0
190 1 58 72 72 5 54 59 0 0
191 1 51 45 46 26 65 35 0 0
192 1 1 97 27 3 68 11 0 0
193 1 56 57 20 84 68 97 0 0
194 1 51 71 94 78 89 61 0 0
195 1 4 53 54 87 16 27 0 0
196 1 88 14 35 56 57 19 0 0
197 1 52 59 14 73 67 70 0 0
198 1 51 54 45 35 50 89 0 0
199 1 47 79 8 4 87 14 0 0
200 1 25 17 70 4 92 27 0 0
201 1 38 58 68 79 52 22 0 0
202 1 90 52 91 56 78 25 0 0
203 1 63 32 77 6 4 58 0 0
204 1 20 28 78 75 35 81 0 0
205 1 78 70 60 48 47 82 0 0
206 1 20 54 50 29 88 89 0 0
207 1 83 75 29 74 64 86 0 0
208 1 74 91 57 95 82 55 0 0
209 1 87 9 57 3 73 30 0 0
210 1 90 42 11 72 61 55 0 0
211 1 25 34 38 30 86 58 0 0
212 1 59 95 34 85 44 67 0 0
213 1 31 23 69 82 14 98 0 0
214 1 0 34 58 90 80 42 0 0
215 1 86 51 52 32 54 4 0 0
216 1 22 24 1 52 74 81 0 0
217 1 41 36 47 86 2 37 0 0
218 1 3 60 94 31 36 73 0 0
219 1 83 8 88 26 47 85 0 0
220 1 15 4 40 56 3 91 0 0
221 1 33 11 74 69 88 30 0 0
222 1 2 20 67 4 66 13 0 0
223 1 30 57 8 94 75 23 0 0
224 1 13 49 85 32 24 19 0 0
225 1 38 20 36 39 44 70 0 0
226 1 71 40 45 36 66 72 0 0
227 1 98 53 75 74 37 79 0 0
228 1 87 40 3 89 65 43 0 0
229 1 11 81 8 50 94 83 0 0
230 1 75 85 96 40 55 32 0 0
231 1 56 73 15 59 39 0 0 0
232 1 75 81 7 13 26 59 0 0
233 1 23 32 46 19 68 57 0 0
234 1 19 25 45 86 43 35 0 0
235 1 89 33 8 53 31 49 0 0
236 1 5 39 79 5 4 91 0 0
237 1 10 35 74 8 23 57 0 0
238 1 93 33 46 95 15 12 0 0
239 1 86 58 87 24 21 87 0 0
240 1 36 80 76 39 55 83 0 0
241 1 0 33 24 77 55 4 0 0
242 1 26 86 85 41 10 25 0 0
243 1 41 2 63 34 49 64 0 0
244 1 21 4 99 18 41 75 0 0
245 1 79 43 96 92 28 96 0 0
246 1 39 62 42 17 82 29 0 0
247 1 41 81 47 11 46 4 0 0
248 1 69 10 88 32 30 98 0 0
249 1 36 70 97 81 44 94 0 0
250 1 88 74 52 41 76 49 0 0
251 1 51 72 70 17 83 99 0 0
252 1 63 96 26 63 13 73 0 0
253 1 90 84 20 43 22 2 0 0
254 1 49 25 35 21 91 73 0 0
255 1 46 33 62 60 5 96 0 0
256 1 73 50 93 73 16 22 0 0
257 1 26 55 81 14 92 82 0 0
258 1 50 25 34 3 13 19 0 0
259 1 72 33 36 74 14 63 0 0
260 1 79 26 13 65 40 76 0 0
261 1 43 74 70 43 44 73 0 0
262 1 25 41 6 30 95 35 0 0
263 1 57 55 22 24 3 26 0 0
264 1 43 96 75 93 65 60 0 0
265 1 63 90 11 70 6 21 0 0
266 1 56 90 28 42 39 47 0 0
267 1 77 85 29 34 32 57 0 0
268 1 3 28 85 5 81 27 0 0
269 1 91 33 74 20 37 6 0 0
270 1 20 71 4 8 65 41 0 0
271 1 9 67 66 28 96 24 0 0
272 1 64 65 99 77 27 31 0 0
273 1 78 35 68 79 71 87 0 0
274 1 91 59 46 93 77 44 0 0
275 1 38 67 73 76 31 26 0 0
276 1 19 75 95 20 27 29 0 0
277 1 59 34 25 7 59 87 0 0
278 1 55 75 33 11 71 91 0 0
279 1 23 11 48 75 75 64 0 0
280 1 0 84 0 87 36 35 0 0
281 1 41 77 67 25 36 79 0 0
282 1 51 96 18 85 70 2 0 0
283 1 36 16 26 5 41 30 0 0
284 1 44 39 71 26 1 44 0 0
285 1 69 22 12 14 79 47 0 0
286 1 28 50 30 20 19 37 0 0
287 1 44 99 56 35 32 60 0 0
288 1 51 38 86 6 1 69 0 0
289 1 83 94 29 99 48 91 0 0
290 1 97 82 30 15 67 57 0 0
291 1 5 0 11 50 76 43 0 0
292 1 3 55 96 6 52 73 0 0
293 1 51 49 43 24 69 55 0 0
294 1 18 78 96 88 62 69 0 0
295 1 52 45 57 87 83 92 0 0
296 1 86 90 89 18 64 87 0 0
297 1 65 82 42 63 67 20 0 0
298 1 5 18 67 88 6 33 0 0
299 1 11 2 75 23 2 33 0 0
300 1 7 36 4 42 44 45 0 0
301 1 91 58 14 64 8 20 0 0
302 1 18 56 94 5 59 55 0 0
303 1 74 43 25 74 32 93 0 0
304 1 11 16 55 2 62 0 0 0
305 1 70 16 73 86 82 63 0 0
306 1 98 56 77 15 7 0 0 0
307 1 17 23 65 37 66 36 0 0
308 1 61 40 50 21 98 7 0 0
309 1 72 94 40 52 37 88 0 0
310 1 47 14 65 77 43 36 0 0
311 1 18 47 12 13 96 97 0 0
312 1 72 11 46 52 35 32 0 0
313 1 22 71 53 73 60 42 0 0
314 1 16 90 50 47 36 22 0 0
315 1 10 28 21 2 51 27 0 0
316 1 51 17 68 99 88 51 0 0
317 1 86 90 71 51 76 65 0 0
318 1 16 59 11 85 1 77 0 0
319 1 34 28 20 14 88 63 0 0
320 1 30 89 10 74 11 39 0 0
321 1 23 76 55 94 5 8 0 0
322 1 25 92 89 56 1 98 0 0
323 1 9 57 49 52 39 46 0 0
324 1 41 60 35 98 42 60 0 0
325 1 6 79 43 29 18 97 0 0
326 1 16 13 59 18 41 74 0 0
327 1 61 9 23 92 93 54 0 0
328 1 3 16 38 88 49 0 0 0
329 1 86 9 10 64 58 92 0 0
330 1 18 85 60 40 83 84 0 0
331 1 78 19 11 66 65 25 0 0
332 1 19 33 83 86 2 51 0 0
333 1 77 28 15 8 16 5 0 0
334 1 73 66 24 68 74 58 0 0
335 1 49 67 59 25 76 70 0 0
336 1 37 74 31 80 94 77 0 0
337 1 24 51 45 47 34 75 0 0
338 1 34 98 56 9 79 9 0 0
339 1 61 69 70 59 74 92 0 0
340 1 82 65 66 91 85 31 0 0
341 1 64 48 26 60 14 46 0 0
342 1 4 78 18 82 20 97 0 0
343 1 42 25 84 57 8 47 0 0
344 1 50 69 22 64 88 0 0 0
345 1 30 17 73 59 71 33 0 0
346 1 5 72 76 24 70 28 0 0
347 1 46 32 22 36 8 61 0 0
348 1 73 60 39 0 90 51 0 0
349 1 22 1 5 46 24 2 0 0
350 1 75 6 77 13 12 29 0 0
351 1 74 22 61 40 66 74 0 0
352 1 38 64 29 77 68 27 0 0
353 1 33 34 56 12 61 38 0 0
354 1 83 40 54 9 7 8 0 0
355 1 84 15 28 77 88 74 0 0
356 1 36 21 74 63 35 3 0 0
357 1 13 94 58 38 30 31 0 0
358 1 87 14 38 70 3 48 0 0
359 1 39 15 21 14 16 11 0 0
360 1 8 96 63 47 70 27 0 0
361 1 98 35 93 58 88 5 0 0
362 1 52 85 34 23 91 64 0 0
363 1 79 72 44 66 43 26 0 0
364 1 91 61 10 36 44 40 0 0
365 1 84 97 10 31 39 13 0 0
366 1 97 39 78 58 29 72 0 0
367 1 32 29 71 54 24 51 0 0
368 1 96 12 14 26 79 67 0 0
369 1 85 38 50 84 31 95 0 0
370 1 62 58 36 99 23 68 0 0
371 1 59 22 75 32 88 28 0 0
372 1 1 95 69 12 94 85 0 0
373 1 95 15 30 99 20 32 0 0
374 1 56 26 92 27 67 48 0 0
375 1 13 67 2 37 28 20 0 0
376 1 72 81 13 26 53 60 0 0
377 1 86 11 51 90 28 36 0 0
378 1 48 9 1 6 11 39 0 0
379 1 17 22 88 98 48 81 0 0
380 1 71 9 57 41 32 18 0 0
381 1 47 59 99 95 78 41 0 0
382 1 65 48 37 65 34 31 0 0
383 1 97 69 46 69 2 82 0 0
384 1 79 63 0 39 76 74 0 0
385 1 7 53 69 89 86 27 0 0
386 1 4 75 73 23 76 1 0 0
387 1 37 42 4 52 8 6 0 0
388 1 11 18 23 48 21 17 0 0
389 1 88 98 40 52 92 1 0 0
390 1 58 65 50 90 56 36 0 0
391 1 92 45 1 10 44 78 0 0
392 1 14 66 40 29 65 38 0 0
393 1 18 8 41 92 63 50 0 0
394 1 73 93 4 12 83 9 0 0
395 1 38 2 40 96 51 7 0 0
396 1 17 42 95 59 32 44 0 0
397 1 69 9 53 94 16 66 0 0
398 1 70 26 64 85 84 44 0 0
399 1 20 13 5 80 38 79 0 0
400 1 59 84 60 97 47 47 0 0
401 1 75 74 61 70 91 86 0 0
402 1 15 35 68 83 79 53 0 0
403 1 9 87 39 83 87 3 0 0
404 1 39 26 85 17 79 24 0 0
405 1 33 69 6 34 2 25 0 0
406 1 67 71 74 59 17 29 0 0
407 1 3 21 68 8 90 40 0 0
408 1 42 16 84 82 23 43 0 0
409 1 56 20 74 25 64 29 0 0
410 1 91 3 42 81 64 18 0 0
411 1 38 9 66 93 25 77 0 0
412 1 18 55 89 75 64 18 0 0
413 1 46 8 88 83 4 28 0 0
414 1 71 84 9 44 27 58 0 0
415 1 99 90 21 50 97 56 0 0
416 1 40 24 21 89 18 36 0 0
417 1 12 4 8 41 94 3 0 0
418 1 44 66 51 76 43 59 0 0
419 1 42 60 9 81 55 63 0 0
420 1 96 31 46 23 90 3 0 0
421 1 84 51 57 33 62 93 0 0
422 1 47 97 45 58 53 39 0 0
423 1 66 53 76 76 12 41 0 0
424 1 21 95 48 45 77 96 0 0
425 1 24 80 60 1 29 17 0 0
426 1 63 27 12 36 85 20 0 0
427 1 17 54 2 49 34 6 0 0
428 1 16 78 91 36 8 52 0 0
429 1 19 9 41 87 42 1 0 0
430 1 72 32 54 34 77 85 0 0
431 1 95 88 93 15 16 70 0 0
432 1 77 6 92 8 42 54 0 0
433 1 0 25 88 38 78 85 0 0
434 1 55 11 20 0 84 19 0 0
435 1 20 76 58 50 46 97 0 0
436 1 65 77 10 26 23 90 0 0
437 1 51 26 68 60 66 28 0 0
438 1 52 71 24 0 16 55 0 0
439 1 3 14 77 68 72 82 0 0
440 1 62 22 8 12 62 20 0 0
441 1 97 90 94 43 45 77 0 0
442 1 98 98 59 30 40 96 0 0
443 1 26 4 3 30 62 78 0 0
444 1 89 39 92 4 70 84 0 0
445 1 14 83 80 59 4 94 0 0
446 1 92 82 50 28 53 97 0 0
447 1 83 12 23 30 33 58 0 0
448 1 14 37 38 42 92 54 0 0
449 1 98 47 82 48 56 79 0 0
450 1 26 48 54 90 55 67 0 0
451 1 1 75 72 64 23 3 0 0
452 1 92 58 82 39 94 12 0 0
453 1 91 90 67 30 39 13 0 0
454 1 15 89 59 63 99 33 0 0
455 1 25 71 58 6 24 78 0 0
456 1 73 8 52 26 77 75 0 0
457 1 32 30 5 92 23 83 0 0
458 1 59 16 31 41 39 0 0 0
459 1 45 90 42 63 77 57 0 0
460 1 82 49 65 35 31 96 0 0
461 1 99 54 62 93 38 72 0 0
462 1 19 1 69 81 54 77 0 0
463 1 51 14 44 98 7 81 0 0
464 1 0 57 54 70 1 45 0 0
465 1 2 70 91 40 34 83 0 0
466 1 56 22 86 40 26 64 0 0
467 1 29 55 9 15 81 64 0 0
468 1 77 73 17 95 93 32 0 0
469 1 44 63 77 35 18 28 0 0
470 1 73 77 28 10 84 19 0 0
471 1 80 1 71 70 10 58 0 0
472 1 88 21 81 94 37 49 0 0
473 1 77 90 4 26 2 60 0 0
474 1 62 67 92 17 5 0 0 0
475 1 44 51 55 84 56 25 0 0
476 1 55 51 49 15 53 86 0 0
477 1 69 32 23 77 36 11 0 0
478 1 65 47 60 16 67 20 0 0
479 1 88 67 36 62 42 21 0 0
480 1 55 31 10 21 54 18 0 0
481 1 36 75 99 37 36 40 0 0
482 1 32 83 51 0 16 34 0 0
483 1 59 14 62 74 1 94 0 0
484 1 80 89 67 27 81 86 0 0
485 1 80 56 71 51 28 24 0 0
486 1 76 61 36 35 68 18 0 0
487 1 7 6 2 86 16 95 0 0
488 1 73 40 9 33 5 95 0 0
489 1 77 36 1 85 39 64 0 0
490 1 81 38 22 99 80 24 0 0
491 1 85 91 75 87 79 46 0 0
492 1 85 33 70 81 4 32 0 0
493 1 48 8 98 83 85 22 0 0
494 1 92 27 54 91 48 86 0 0
495 1 34 21 27 70 8 91 0 0
496 1 76 50 80 9 29 54 0 0
497 1 26 40 26 87 82 0 0 0
498 1 5 64 39 23 26 11 0 0
499 1 78 17 98 81 85 7 0 0
500 1 54 95 48 69 93 21 0 0
501 1 26 93 63 16 81 75 0 0
502 1 98 66 15 49 36 2 0 0
503 1 30 40 33 14 38 81 0 0
504 1 94 25 97 97 54 29 0 0
505 1 50 7 24 18 4 51 0 0
506 1 51 3 83 44 85 36 0 0
507 1 66 19 54 33 19 18 0 0
508 1 74 37 4 42 72 77 0 0
509 1 81 75 19 47 23 34 0 0
510 1 47 8 17 3 43 22 0 0
511 1 84 1 38 27 92 35 0 0
512 1 73 82 59 1 17 93 0 0
513 1 9 0 1 20 34 74 0 0
514 1 31 1 92 0 23 52 0 0
515 1 69 65 7 21 52 82 0 0
516 1 70 94 75 4 70 5 0 0
517 1 0 83 39 15 9 68 0 0
518 1 49 72 45 17 99 55 0 0
519 1 27 59 87 82 59 52 0 0
520 1 60 35 9 21 80 37 0 0
521 1 0 63 5 37 77 4 0 0
522 1 71 10 76 47 97 6 0 0
523 1 22 12 57 2 31 84 0 0
524 1 47 58 35 85 34 88 0 0
525 1 48 29 18 70 49 96 0 0
526 1 49 78 58 1 12 90 0 0
527 1 11 79 96 18 13 88 0 0
528 1 95 39 14 33 37 51 0 0
529 1 14 13 48 78 52 23 0 0
530 1 71 74 83 95 18 26 0 0
531 1 67 9 36 95 98 57 0 0
532 1 36 20 90 33 57 15 0 0
533 1 27 82 85 45 61 28 0 0
534 1 41 58 20 31 58 95 0 0
535 1 63 32 2 10 93 58 0 0
536 1 1 48 72 7 44 74 0 0
537 1 18 71 72 25 61 85 0 0
538 1 41 73 53 25 16 79 0 0
539 1 42 40 96 13 7 22 0 0
540 1 96 31 7 26 8 51 0 0
541 1 55 36 18 62 76 95 0 0
542 1 19 91 13 25 60 73 0 0
543 1 64 61 14 73 11 12 0 0
544 1 64 74 52 8 22 92 0 0
545 1 39 19 34 16 96 96 0 0
546 1 89 72 3 28 74 39 0 0
547 1 77 21 51 3 0 3 0 0
548 1 39 49 59 13 38 51 0 0
549 1 27 71 38 62 3 0 0 0
550 1 38 82 46 77 75 54 0 0
551 1 21 49 2 35 40 65 0 0
552 1 39 97 96 26 18 51 0 0
553 1 12 63 83 39 67 20 0 0
554 1 35 73 9 73 95 67 0 0
555 1 63 86 47 8 59 65 0 0
556 1 51 44 17 91 2 8 0 0
557 1 74 96 85 65 2 81 0 0
558 1 65 7 26 82 74 79 0 0
559 1 9 14 13 0 86 60 0 0
560 1 68 89 25 12 40 16 0 0
561 1 57 49 91 95 39 24 0 0
562 1 9 70 0 23 54 42 0 0
563 1 48 22 90 53 28 2 0 0
564 1 69 65 60 76 14 31 0 0
565 1 35 55 12 29 78 74 0 0
566 1 23 52 65 45 11 48 0 0
567 1 28 54 87 94 73 24 0 0
568 1 75 90 91 88 93 52 0 0
569 1 27 37 14 64 90 80 0 0
570 1 36 41 92 15 46 27 0 0
571 1 81 95 92 78 68 42 0 0
572 1 31 79 44 59 70 86 0 0
573 1 10 46 39 78 76 27 0 0
574 1 93 15 40 1 89 39 0 0
575 1 56 20 59 92 54 48 0 0
576 1 49 52 53 35 97 4 0 0
577 1 14 34 21 2 65 33 0 0
578 1 5 11 8 44 17 0 0 0
579 1 68 27 9 90 49 19 0 0
580 1 41 49 20 47 10 49 0 0
581 1 84 78 84 9 41 45 0 0
582 1 88 60 27 39 82 4 0 0
583 1 30 34 6 95 59 30 0 0
584 1 93 41 33 95 5 47 0 0
585 1 79 88 32 37 85 63 0 0
586 1 11 49 78 87 37 31 0 0
587 1 0 99 51 44 42 58 0 0
588 1 95 9 14 98 76 57 0 0
589 1 56 60 4 53 93 14 0 0
590 1 92 89 23 73 5 9 0 0
591 1 2 21 38 42 99 49 0 0
592 1 39 88 84 21 3 80 0 0
593 1 52 16 2 24 0 31 0 0
594 1 76 15 84 90 1 74 0 0
595 1 32 15 78 20 43 92 0 0
596 1 8 71 46 32 49 76 0 0
597 1 38 78 70 16 3 69 0 0
598 1 79 56 91 75 37 98 0 0
599 1 7 32 70 77 78 10 0 0
600 1 55 32 88 63 90 43 0 0
601 1 42 62 82 80 9 65 0 0
602 1 43 84 96 5 69 57 0 0
603 1 61 18 39 23 10 17 0 0
604 1 23 22 10 16 40 8 0 0
605 1 34 1 11 86 0 25 0 0
606 1 85 25 69 42 47 1 0 0
607 1 83 71 86 76 50 63 0 0
608 1 88 59 95 51 81 71 0 0
609 1 41 58 91 48 11 1 0 0
610 1 76 41 7 84 64 75 0 0
611 1 42 82 48 64 62 53 0 0
612 1 46 44 62 79 36 95 0 0
613 1 8 62 8 17 21 62 0 0
614 1 29 49 42 92 29 32 0 0
615 1 18 62 98 79 23 28 0 0
616 1 78 23 20 11 19 72 0 0
617 1 28 10 8 8 51 60 0 0
618 1 79 22 52 3 99 51 0 0
619 1 79 12 12 61 41 53 0 0
620 1 22 83 94 85 62 35 0 0
621 1 35 62 56 49 66 84 0 0
622 1 86 15 97 51 33 24 0 0
623 1 86 17 64 66 49 35 0 0
624 1 65 9 25 57 39 83 0 0
625 1 70 80 77 68 71 35 0 0
626 1 18 89 44 68 66 70 0 0
627 1 88 23 25 98 48 89 0 0
628 1 57 64 55 44 22 51 0 0
629 1 60 87 7 34 81 2 0 0
630 1 72 28 19 60 71 99 0 0
631 1 51 40 6 73 10 57 0 0
632 1 1 78 49 13 1 83 0 0
633 1 7 42 94 52 6 69 0 0
634 1 45 6 63 19 79 30 0 0
635 1 53 40 88 2 9 67 0 0
636 1 98 98 55 28 49 34 0 0
637 1 53 33 8 11 41 63 0 0
638 1 15 31 80 93 75 88 0 0
639 1 13 42 27 85 36 60 0 0
640 1 39 57 6 53 13 16 0 0
641 1 19 34 56 19 21 77 0 0
642 1 83 61 24 69 25 61 0 0
643 1 14 91 40 85 54 70 0 0
644 1 95 75 68 66 44 0 0 0
645 1 98 89 35 94 89 8 0 0
646 1 92 49 78 12 48 68 0 0
647 1 92 54 18 91 81 71 0 0
648 1 72 63 30 95 40 98 0 0
649 1 90 86 64 76 22 35 0 0
650 1 15 63 74 68 8 49 0 0
651 1 44 19 87 86 38 26 0 0
652 1 72 49 10 61 32 56 0 0
653 1 81 73 82 90 96 18 0 0
654 1 91 38 5 53 33 64 0 0
655 1 90 2 70 67 32 59 0 0
656 1 69 20 60 0 75 94 0 0
657 1 64 75 13 19 96 73 0 0
658 1 90 7 17 19 2 43 0 0
659 1 90 68 39 50 11 56 0 0
660 1 60 97 79 5 88 71 0 0
661 1 30 71 51 24 6 79 0 0
662 1 55 55 99 93 81 10 0 0
663 1 74 78 64 24 3 31 0 0
664 1 50 16 35 51 80 48 0 0
665 1 43 2 12 71 31 49 0 0
666 1 95 67 54 39 84 33 0 0
667 1 79 75 79 65 99 64 0 0
668 1 94 7 53 3 6 71 0 0
669 1 44 27 7 8 32 38 0 0
670 1 71 36 22 90 7 68 0 0
671 1 58 33 50 95 65 6 0 0
672 1 43 57 12 62 16 1 0 0
673 1 33 47 60 37 22 70 0 0
674 1 23 33 68 22 66 19 0 0
675 1 68 86 82 26 85 88 0 0
676 1 21 20 10 75 14 73 0 0
677 1 79 72 57 38 86 75 0 0
678 1 56 23 20 71 47 30 0 0
679 1 17 4 90 10 69 6 0 0
680 1 86 3 12 20 54 19 0 0
681 1 81 66 69 79 50 67 0 0
682 1 48 48 62 49 38 90 0 0
683 1 71 95 58 45 33 23 0 0
684 1 81 64 24 68 1 10 0 0
685 1 80 44 93 35 38 72 0 0
686 1 86 46 22 85 85 80 0 0
687 1 57 7 53 63 24 46 0 0
688 1 87 76 82 34 83 17 0 0
689 1 36 76 19 72 55 69 0 0
690 1 61 3 51 86 46 31 0 0
691 1 90 46 74 81 79 47 0 0
692 1 98 98 84 54 57 84 0 0
693 1 23 78 25 89 75 43 0 0
694 1 42 9 35 23 46 79 0 0
695 1 52 63 0 24 34 46 0 0
696 1 4 82 9 80 80 28 0 0
697 1 12 13 32 14 69 76 0 0
698 1 9 33 70 58 16 89 0 0
699 1 93 29 2 7 0 96 0 0
700 1 23 5 47 38 50 91 0 0
701 1 21 82 78 91 95 71 0 0
702 1 3 93 34 38 63 67 0 0
703 1 2 48 19 41 21 54 0 0
704 1 61 6 90 56 14 78 0 0
705 1 7 17 86 91 9 89 0 0
706 1 5 85 20 73 24 79 0 0
707 1 30 44 52 67 90 2 0 0
708 1 56 29 2 68 39 86 0 0
709 1 80 12 68 83 5 57 0 0
710 1 91 68 87 94 74 59 0 0
711 1 74 12 26 61 2 6 0 0
712 1 22 93 18 12 72 65 0 0
713 1 91 40 21 63 61 2 0 0
714 1 27 13 67 13 52 8 0 0
715 1 76 74 12 28 63 3 0 0
716 1 46 64 30 26 20 41 0 0
717 1 99 13 72 36 86 51 0 0
718 1 66 58 83 81 44 37 0 0
719 1 31 94 6 19 10 50 0 0
720 1 78 37 90 44 7 70 0 0
721 1 34 24 3 16 7 52 0 0
722 1 91 7 21 54 42 88 0 0
723 1 22 35 40 88 76 46 0 0
724 1 11 25 8 72 94 4 0 0
725 1 60 70 35 94 75 77 0 0
726 1 7 39 22 18 42 15 0 0
727 1 22 56 63 71 33 16 0 0
728 1 24 27 91 42 30 69 0 0
729 1 6 47 75 43 50 57 0 0
730 1 90 61 57 52 90 16 0 0
731 1 43 5 87 26 59 44 0 0
732 1 68 94 52 80 18 45 0 0
733 1 97 92 60 88 58 11 0 0
734 1 49 47 70 88 25 36 0 0
735 1 95 92 70 98 55 37 0 0
736 1 81 99 88 82 25 42 0 0
737 1 51 33 85 45 82 13 0 0
738 1 26 98 78 10 57 70 0 0
739 1 24 84 71 90 38 35 0 0
740 1 56 83 57 72 12 89 0 0
741 1 76 65 15 92 72 42 0 0
742 1 15 39 54 17 35 74 0 0
743 1 61 28 39 48 74 0 0 0
744 1 58 63 79 64 40 48 0 0
745 1 81 89 36 15 3 19 0 0
746 1 94 29 13 40 25 40 0 0
747 1 65 45 72 40 20 14 0 0
748 1 44 55 66 37 75 54 0 0
749 1 44 30 52 43 38 72 0 0
750 1 95 8 69 25 79 91 0 0
751 1 80 68 39 72 5 56 0 0
752 1 47 20 30 96 44 1 0 0
753 1 4 7 21 57 42 15 0 0
754 1 16 33 51 93 23 74 0 0
755 1 82 50 45 64 38 54 0 0
756 1 2 78 4 20 61 76 0 0
757 1 75 9 14 34 14 69 0 0
758 1 6 65 24 48 79 92 0 0
759 1 8 47 87 1 3 36 0 0
760 1 55 49 75 31 5 88 0 0
761 1 31 97 12 26 5 69 0 0
762 1 81 2 85 22 25 50 0 0
763 1 31 97 72 19 94 93 0 0
764 1 50 25 47 48 12 82 0 0
765 1 34 29 55 97 52 96 0 0
766 1 56 16 93 11 62 21 0 0
767 1 45 91 29 58 87 73 0 0
768 1 96 28 76 26 2 20 0 0
769 1 90 64 9 48 17 76 0 0
770 1 40 12 43 94 98 71 0 0
771 1 29 87 14 1 36 93 0 0
772 1 95 63 56 82 88 20 0 0
773 1 8 90 63 97 36 25 0 0
774 1 60 43 60 61 53 16 0 0
775 1 92 77 58 2 28 26 0 0
776 1 49 80 78 86 87 92 0 0
777 1 63 35 71 89 49 68 0 0
778 1 88 51 9 73 64 16 0 0
779 1 37 12 40 76 74 91 0 0
780 1 63 58 10 70 88 3 0 0
781 1 87 57 57 67 78 82 0 0
782 1 87 31 90 52 84 99 0 0
783 1 31 90 36 86 87 59 0 0
784 1 8 19 92 55 4 11 0 0
785 1 10 51 6 38 95 80 0 0
786 1 85 96 49 57 42 82 0 0
787 1 86 88 88 6 41 40 0 0
788 1 70 71 49 90 40 17 0 0
789 1 70 67 27 78 74 83 0 0
790 1 38 53 77 53 71 84 0 0
791 1 20 17 42 62 88 26 0 0
792 1 81 75 60 41 55 53 0 0
793 1 67 18 70 92 56 35 0 0
794 1 85 77 33 57 83 70 0 0
795 1 55 28 87 67 69 32 0 0
796 1 52 7 98 86 92 60 0 0
797 1 71 94 79 31 56 58 0 0
798 1 79 41 14 9 77 40 0 0
799 1 95 60 5 45 33 95 0 0
800 1 3 70 39 54 79 13 0 0
801 1 58 23 84 36 64 8 0 0
802 1 22 48 8 87 93 18 0 0
803 1 80 61 31 88 21 3 0 0
804 1 14 14 64 28 20 23 0 0
805 1 61 33 2 29 13 83 0 0
806 1 91 39 76 68 79 33 0 0
807 1 8 31 62 41 49 84 0 0
808 1 15 29 20 61 72 16 0 0
809 1 61 33 77 20 46 79 0 0
810 1 92 39 63 45 21 45 0 0
811 1 12 95 39 3 84 9 0 0
812 1 15 27 27 78 85 34 0 0
813 1 87 66 89 85 97 6 0 0
814 1 40 25 51 20 31 40 0 0
815 1 21 58 53 16 46 78 0 0
816 1 25 56 27 67 48 64 0 0
817 1 8 24 54 58 51 83 0 0
818 1 56 0 32 67 43 21 0 0
819 1 57 90 18 52 26 38 0 0
820 1 69 76 7 95 3 1 0 0
821 1 71 98 69 29 85 7 0 0
822 1 24 67 62 82 95 35 0 0
823 1 10 15 17 38 60 52 0 0
824 1 7 11 66 9 25 27 0 0
825 1 74 15 13 95 56 29 0 0
826 1 94 7 59 10 38 28 0 0
827 1 99 68 36 28 94 53 0 0
828 1 99 88 42 62 99 91 0 0
829 1 74 14 43 80 3 11 0 0
830 1 69 74 52 30 40 81 0 0
831 1 0 65 27 7 99 94 0 0
832 1 96 58 92 35 33 28 0 0
833 1 51 65 40 10 60 72 0 0
834 1 57 14 14 1 36 10 0 0
835 1 68 84 1 43 81 7 0 0
836 1 95 55 62 30 60 36 0 0
837 1 22 89 4 48 14 23 0 0
838 1 96 7 1 53 6 67 0 0
839 1 2 75 36 3 49 35 0 0
840 1 68 49 10 79 17 92 0 0
841 1 43 87 78 90 28 67 0 0
842 1 49 90 10 19 19 54 0 0
843 1 20 53 83 4 83 61 0 0
844 1 27 25 73 40 21 57 0 0
845 1 5 49 76 7 28 83 0 0
846 1 86 98 4 49 30 76 0 0
847 1 87 3 84 88 10 11 0 0
848 1 44 15 75 17 97 53 0 0
849 1 54 41 28 2 70 61 0 0
850 1 18 48 35 30 8 40 0 0
851 1 33 8 22 68 58 39 0 0
852 1 15 7 79 6 9 62 0 0
853 1 91 43 10 84 42 57 0 0
854 1 85 93 60 82 98 9 0 0
855 1 86 49 55 92 24 12 0 0
856 1 50 74 20 27 43 89 0 0
857 1 95 55 69 56 9 95 0 0
858 1 62 29 9 99 29 43 0 0
859 1 47 50 49 72 10 28 0 0
860 1 63 98 56 66 44 34 0 0
861 1 58 3 27 5 67 80 0 0
862 1 69 26 77 56 93 92 0 0
863 1 50 58 82 32 78 69 0 0
864 1 31 39 26 35 82 46 0 0
865 1 29 22 98 21 6 48 0 0
866 1 97 15 28 86 87 74 0 0
867 1 89 89 9 0 94 4 0 0
868 1 87 23 11 35 71 99 0 0
869 1 92 15 74 76 52 90 0 0
870 1 79 33 61 79 3 98 0 0
871 1 79 39 45 52 70 22 0 0
872 1 36 2 68 30 75 8 0 0
873 1 13 34 90 67 20 64 0 0
874 1 34 17 51 18 27 39 0 0
875 1 72 77 57 67 39 78 0 0
876 1 58 91 40 44 22 10 0 0
877 1 86 18 18 42 53 72 0 0
878 1 67 49 43 86 89 91 0 0
879 1 12 9 39 30 94 84 0 0
880 1 16 77 26 84 63 33 0 0
881 1 88 21 97 52 93 11 0 0
882 1 63 24 11 5 17 42 0 0
883 1 70 13 24 88 22 87 0 0
884 1 27 55 75 15 90 5 0 0
885 1 40 27 30 7 20 98 0 0
886 1 77 24 60 96 40 63 0 0
887 1 28 12 76 31 66 12 0 0
888 1 45 52 98 15 30 6 0 0
889 1 47 87 96 19 57 11 0 0
890 1 88 29 0 95 62 4 0 0
891 1 84 87 43 82 14 95 0 0
892 1 76 3 27 82 42 78 0 0
893 1 26 30 90 83 6 52 0 0
894 1 83 20 27 0 75 6 0 0
895 1 88 40 80 40 73 82 0 0
896 1 13 37 56 68 62 74 0 0
897 1 16 2 34 34 75 5 0 0
898 1 98 2 97 59 54 57 0 0
899 1 53 8 6 99 59 55 0 0
900 1 75 94 20 92 71 23 0 0
901 1 33 28 18 42 90 30 0 0
902 1 2 66 14 74 65 74 0 0
903 1 70 44 96 43 15 47 0 0
904 1 1 22 74 47 94 12 0 0
905 1 81 98 7 77 45 52 0 0
906 1 93 23 48 33 72 23 0 0
907 1 7 67 15 48 75 21 0 0
908 1 84 10 78 2 87 28 0 0
909 1 72 72 59 23 36 96 0 0
910 1 65 49 6 30 41 55 0 0
911 1 22 41 73 53 82 5 0 0
912 1 22 77 11 8 86 61 0 0
913 1 46 11 97 28 10 29 0 0
914 1 8 56 47 43 52 82 0 0
915 1 48 63 75 72 46 42 0 0
916 1 83 15 17 40 89 77 0 0
917 1 83 85 27 31 62 94 0 0
918 1 29 75 50 15 90 57 0 0
919 1 3 35 92 73 68 35 0 0
920 1 26 65 70 34 47 36 0 0
921 1 86 64 48 21 15 80 0 0
922 1 10 28 29 38 52 93 0 0
923 1 9 13 84 27 61 13 0 0
924 1 32 14 71 92 93 30 0 0
925 1 30 68 37 52 72 10 0 0
926 1 5 45 93 93 2 73 0 0
927 1 94 54 80 76 42 30 0 0
928 1 16 22 58 32 34 7 0 0
929 1 72 76 86 68 39 95 0 0
930 1 8 55 67 15 8 43 0 0
931 1 67 30 85 6 6 56 0 0
932 1 32 52 4 62 33 16 0 0
933 1 21 50 48 63 78 13 0 0
934 1 85 10 31 13 34 88 0 0
935 1 19 70 68 98 68 69 0 0
936 1 64 97 35 53 36 47 0 0
937 1 6 30 15 25 34 22 0 0
938 1 43 46 58 16 72 7 0 0
939 1 76 95 93 73 73 3 0 0
940 1 42 70 64 48 32 17 0 0
941 1 97 18 70 71 59 70 0 0
942 1 15 32 48 94 17 54 0 0
943 1 14 31 81 28 78 56 0 0
944 1 16 7 5 69 50 83 0 0
945 1 76 34 72 22 79 39 0 0
946 1 58 46 12 96 88 70 0 0
947 1 67 28 68 86 86 35 0 0
948 1 71 73 22 71 25 6 0 0
949 1 11 78 16 61 54 71 0 0
950 1 96 66 28 44 26 9 0 0
951 1 72 17 78 61 80 75 0 0
952 1 38 70 32 65 69 90 0 0
953 1 40 17 6 44 96 44 0 0
954 1 96 49 85 54 86 57 0 0
955 1 77 90 63 66 13 20 0 0
956 1 52 80 91 45 98 76 0 0
957 1 12 83 46 51 44 12 0 0
958 1 39 4 83 48 36 1 0 0
959 1 75 44 41 90 36 53 0 0
960 1 61 14 16 12 19 29 0 0
961 1 40 29 98 62 2 83 0 0
962 1 99 1 52 77 74 19 0 0
963 1 96 57 61 92 64 3 0 0
964 1 52 34 59 80 93 82 0 0
965 1 89 76 82 87 73 24 0 0
966 1 86 9 91 20 84 62 0 0
967 1 65 33 95 6 32 96 0 0
968 1 16 50 52 89 23 97 0 0
969 1 32 6 91 55 65 72 0 0
970 1 16 39 46 63 56 82 0 0
971 1 47 69 86 14 58 49 0 0
972 1 46 96 54 29 95 29 0 0
973 1 82 70 37 8 56 4 0 0
974 1 97 68 94 28 24 51 0 0
975 1 23 61 54 0 96 5 0 0
976 1 14 5 40 27 12 68 0 0
977 1 20 14 62 9 90 77 0 0
978 1 28 15 89 55 41 13 0 0
979 1 61 83 12 26 79 80 0 0
980 1 37 41 10 46 15 40 0 0
981 1 39 82 99 26 51 53 0 0
982 1 67 25 15 79 12 83 0 0
983 1 93 53 87 78 73 51 0 0
984 1 7 51 58 29 79 93 0 0
985 1 23 71 61 32 49 91 0 0
986 1 5 90 39 46 23 38 0 0
987 1 95 77 32 75 15 74 0 0
988 1 98 34 55 33 58 50 0 0
989 1 19 0 69 92 74 64 0 0
990 1 20 76 17 89 31 26 0 0
991 1 84 29 65 7 30 63 0 0
992 1 77 29 98 21 21 55 0 0
993 1 59 9 89 19 38 32 0 0
994 1 76 47 95 51 52 4 0 0
995 1 76 29 1 38 45 67 0 0
996 1 25 41 47 87 52 75 0 0
997 1 67 92 85 58 80 50 0 0
998 1 42 63 30 2 66 18 0 0
999 1 77 46 81 78 86 7 0 0
