100
0 1 16 54 90 42 78 75 0 0
1 1 95 57 91 31 30 23 0 0
2 1 17 44 81 91 95 92 0 0
3 1 89 30 25 27 91 93 0 0
4 1 76 56 8 90 75 3 0 0
5 1 30 64 2 50 22 30 0 0
6 1 21 22 17 51 92 62 0 0
7 1 52 5 3 76 11 54 0 0
8 1 69 38 91 84 84 40 0 0
9 1 62 12 63 16 86 14 0 0
10 1 76 53 39 33 59 51 0 0
11 1 61 4 79 71 12 3 0 0
12 1 22 62 18 62 17 17 0 0
13 1 12 68 27 31 51 67 0 0
14 1 45 3 85 74 61 84 0 0
15 1 32 67 67 22 5 4 0 0
16 1 28 39 61 26 76 85 0 0
17 1 41 16 46 66 83 63 0 0
18 1 28 6 51 18 83 64 0 0
19 1 84 39 76 23 84 55 0 0
20 1 33 38 72 63 30 44 0 0
21 1 0 80 79 63 57 60 0 0
22 1 39 58 86 79 21 13 0 0
23 1 94 90 74 6 64 12 0 0
24 1 27 71 23 11 16 29 0 0
25 1 19 37 95 89 72 92 0 0
26 1 67 99 46 88 21 8 0 0
27 1 6 52 51 21 43 47 0 0
28 1 95 31 73 84 33 86 0 0
29 1 47 32 45 95 43 81 0 0
30 1 66 60 33 33 43 72 0 0
31 1 43 52 25 25 6 40 0 0
32 1 34 54 45 15 79 10 0 0
33 1 39 23 64 69 74 84 0 0
34 1 87 87 12 45 79 75 0 0
35 1 31 31 32 9 92 78 0 0
36 1 47 79 12 83 16 37 0 0
37 1 52 14 39 71 76 16 0 0
38 1 34 12 50 6 53 39 0 0
39 1 7 35 26 89 98 1 0 0
40 1 61 61 96 0 58 61 0 0
41 1 0 69 37 97 29 96 0 0
42 1 96 90 33 71 82 0 0 0
43 1 26 80 96 55 46 16 0 0
44 1 25 54 26 60 85 54 0 0
45 1 17 9 28 0 80 76 0 0
46 1 33 34 55 21 22 54 0 0
47 1 10 50 55 5 83 39 0 0
48 1 24 60 81 6 13 92 0 0
49 1 2 2 92 64 20 91 0 0
50 1 80 35 65 1 82 78 0 0
51 1 60 50 19 28 82 70 0 0
52 1 71 85 19 92 49 19 0 0
53 1 26 73 91 7 13 98 0 0
54 1 26 0 26 38 54 34 0 0
55 1 86 7 83 57 58 19 0 0
56 1 10 46 17 54 56 61 0 0
57 1 37 11 90 17 60 37 0 0
58 1 28 93 32 1 98 18 0 0
59 1 21 86 99 70 4 83 0 0
60 1 74 85 0 73 24 28 0 0
61 1 63 63 96 84 49 2 0 0
62 1 35 59 59 92 67 96 0 0
63 1 26 18 10 17 48 77 0 0
64 1 44 89 99 8 49 92 0 0
65 1 16 17 45 16 65 23 0 0
66 1 83 25 64 36 75 23 0 0
67 1 98 69 55 70 41 99 0 0
68 1 95 99 89 21 95 82 0 0
69 1 57 18 90 83 8 11 0 0
70 1 9 5 59 1 97 98 0 0
71 1 26 8 35 49 87 48 0 0
72 1 8 72 38 31 4 44 0 0
73 1 16 73 83 8 33 2 0 0
74 1 29 5 73 35 58 72 0 0
75 1 90 65 67 17 52 66 0 0
76 1 77 16 57 66 9 82 0 0
77 1 50 94 57 46 54 78 0 0
78 1 54 43 35 40 50 42 0 0
79 1 46 71 37 1 53 91 0 0
80 1 58 5 20 5 19 65 0 0
81 1 79 80 3 69 98 43 0 0
82 1 22 38 33 56 8 69 0 0
83 1 42 11 28 64 25 80 0 0
84 1 96 1 45 24 97 36 0 0
85 1 12 48 62 2 97 73 0 0
86 1 76 34 4 21 82 0 0 0
87 1 48 74 83 22 31 65 0 0
88 1 40 49 15 7 92 95 0 0
89 1 36 46 65 76 79 52 0 0
90 1 56 8 0 34 93 32 0 0
91 1 23 90 34 12 81 30 0 0
92 1 48 45 5 28 5 37 0 0
93 1 48 74 27 9 90 50 0 0
94 1 91 26 15 38 28 31 0 0
95 1 23 25 30 18 35 11 0 0
96 1 90 74 61 34 31 45 0 0
97 1 20 69 13 69 39 35 0 0
98 1 89 94 97 35 18 14 0 0
99 1 81 40 37 18 30 84 0 0
