2000
0 1 2 90 13 79 76 14 0 0
1 1 69 54 41 86 29 42 0 0
2 1 24 5 43 83 44 31 0 0
3 1 70 4 17 34 2 93 0 0
4 1 46 47 31 53 23 15 0 0
5 1 48 91 14 68 95 70 0 0
6 1 81 67 86 53 47 80 0 0
7 1 91 22 89 85 10 6 0 0
8 1 60 19 86 11 77 52 0 0
9 1 21 95 79 77 51 62 0 0
10 1 32 84 24 76 95 5 0 0
11 1 35 45 45 32 63 5 0 0
12 1 67 45 98 76 61 8 0 0
13 1 44 72 63 57 89 23 0 0
14 1 23 71 98 79 86 50 0 0
15 1 87 41 88 93 39 73 0 0
16 1 36 59 91 86 98 77 0 0
17 1 33 55 52 24 59 37 0 0
18 1 5 71 28 12 13 38 0 0
19 1 64 51 15 82 69 78 0 0
20 1 24 5 26 14 88 85 0 0
21 1 84 85 61 59 46 53 0 0
22 1 82 88 76 69 74 96 0 0
23 1 97 52 16 51 44 37 0 0
24 1 66 23 79 81 74 7 0 0
25 1 27 66 63 77 50 44 0 0
26 1 44 28 49 10 85 53 0 0
27 1 1 88 47 97 27 37 0 0
28 1 25 78 83 81 23 2 0 0
29 1 57 96 71 26 58 73 0 0
30 1 9 70 17 33 82 93 0 0
31 1 13 94 81 66 18 26 0 0
32 1 35 94 65 21 85 77 0 0
33 1 0 66 95 77 84 36 0 0
34 1 85 41 31 13 16 88 0 0
35 1 32 78 4 79 49 75 0 0
36 1 1 47 89 66 62 44 0 0
37 1 64 6 3 73 40 91 0 0
38 1 6 25 14 54 64 96 0 0
39 1 74 24 63 59 95 45 0 0
40 1 98 7 88 24 87 50 0 0
41 1 3 9 95 20 20 59 0 0
42 1 94 17 99 72 56 57 0 0
43 1 66 7 43 63 1 87 0 0
44 1 83 19 62 18 98 30 0 0
45 1 94 33 16 23 55 85 0 0
46 1 54 90 68 22 7 1 0 0
47 1 30 15 0 28 24 20 0 0
48 1 18 45 43 86 21 81 0 0
49 1 76 26 78 82 82 37 0 0
50 1 47 86 60 55 54 46 0 0
51 1 25 64 28 1 82 40 0 0
52 1 86 52 28 26 29 81 0 0
53 1 29 41 5 39 64 59 0 0
54 1 83 81 75 87 59 12 0 0
55 1 23 2 95 82 32 22 0 0
56 1 91 66 73 72 37 43 0 0
57 1 6 63 46 68 51 81 0 0
58 1 89 63 69 82 62 91 0 0
59 1 21 69 66 89 65 28 0 0
60 1 67 79 69 66 53 67 0 0
61 1 46 70 82 47 49 78 0 0
62 1 60 64 76 86 53 32 0 0
63 1 56 89 46 64 38 34 0 0
64 1 9 39 65 96 80 11 0 0
65 1 28 9 87 20 47 53 0 0
66 1 74 78 64 52 89 21 0 0
67 1 17 96 53 64 97 60 0 0
68 1 16 95 87 79 16 53 0 0
69 1 67 46 38 72 15 44 0 0
70 1 92 87 2 81 71 79 0 0
71 1 41 26 96 25 83 82 0 0
72 1 92 98 65 37 91 47 0 0
73 1 83 6 99 0 12 23 0 0
74 1 74 60 19 17 88 8 0 0
75 1 23 20 1 44 90 51 0 0
76 1 43 83 53 24 99 7 0 0
77 1 97 37 85 93 47 1 0 0
78 1 9 19 18 0 56 49 0 0
79 1 65 58 46 38 40 29 0 0
80 1 75 38 99 84 80 67 0 0
81 1 82 76 74 10 40 19 0 0
82 1 47 59 41 51 71 3 0 0
83 1 82 52 45 84 27 24 0 0
84 1 14 49 32 4 45 3 0 0
85 1 20 11 21 89 79 34 0 0
86 1 95 72 15 51 3 86 0 0
87 1 78 22 81 55 80 96 0 0
88 1 28 9 29 66 3 23 0 0
89 1 50 50 87 34 0 95 0 0
90 1 77 15 77 30 82 21 0 0
91 1 26 53 23 77 91 61 0 0
92 1 63 93 87 44 69 35 0 0
93 1 0 71 79 14 8 42 0 0
94 1 7 21 93 53 99 81 0 0
95 1 74 46 27 64 54 93 0 0
96 1 81 91 77 16 20 76 0 0
97 1 98 63 99 60 96 34 0 0
98 1 20 13 20 60 84 55 0 0
99 1 91 67 99 88 67 65 0 0
100 1 49 87 99 18 64 98 0 0
101 1 32 74 85 17 89 2 0 0
102 1 22 86 18 46 31 74 0 0
103 1 0 4 80 41 38 49 0 0
104 1 59 46 27 61 29 75 0 0
105 1 60 37 39 26 49 93 0 0
106 1 1 98 88 93 42 64 0 0
107 1 44 39 64 57 77 61 0 0
108 1 47 90 47 90 47 8 0 0
109 1 9 25 74 25 3 38 0 0
110 1 22 75 77 46 48 11 0 0
111 1 42 49 72 57 7 64 0 0
112 1 86 63 45 74 84 43 0 0
113 1 95 5 47 3 90 61 0 0
114 1 35 6 15 74 48 39 0 0
115 1 81 7 76 99 59 73 0 0
116 1 44 57 4 90 55 49 0 0
117 1 37 42 78 67 27 31 0 0
118 1 83 28 63 22 14 98 0 0
119 1 46 97 88 29 36 50 0 0
120 1 60 26 0 14 39 12 0 0
121 1 34 50 61 17 33 24 0 0
122 1 60 6 12 36 89 93 0 0
123 1 17 71 86 78 83 47 0 0
124 1 85 30 93 76 16 11 0 0
125 1 62 80 53 82 10 10 0 0
126 1 67 31 68 33 4 15 0 0
127 1 84 42 3 94 9 37 0 0
128 1 74 22 64 25 62 53 0 0
129 1 86 82 78 39 57 45 0 0
130 1 62 93 88 28 91 97 0 0
131 1 27 95 48 82 0 38 0 0
132 1 48 59 12 87 54 53 0 0
133 1 56 80 59 86 32 19 0 0
134 1 50 79 93 99 96 43 0 0
135 1 96 57 47 81 40 20 0 0
136 1 40 47 49 8 27 72 0 0
137 1 42 25 75 61 26 24 0 0
138 1 39 24 88 94 38 21 0 0
139 1 73 57 66 32 93 4 0 0
140 1 13 68 29 15 81 91 0 0
141 1 64 48 39 9 27 33 0 0
142 1 21 14 80 77 35 68 0 0
143 1 1 18 49 84 25 22 0 0
144 1 95 33 11 56 52 28 0 0
145 1 17 93 93 2 23 63 0 0
146 1 51 85 37 63 27 71 0 0
147 1 53 57 63 30 94 30 0 0
148 1 15 51 60 50 87 36 0 0
149 1 57 30 56 5 35 17 0 0
150 1 95 83 39 62 30 88 0 0
151 1 81 43 19 0 80 85 0 0
152 1 50 98 16 2 37 36 0 0
153 1 64 64 33 77 13 35 0 0
154 1 29 50 49 73 31 92 0 0
155 1 81 33 74 92 22 20 0 0
156 1 95 11 48 22 33 5 0 0
157 1 7 59 87 77 71 56 0 0
158 1 43 41 22 2 55 27 0 0
159 1 5 88 21 26 45 23 0 0
160 1 98 95 75 35 45 13 0 0
161 1 61 70 42 30 85 18 0 0
162 1 54 30 91 12 36 4 0 0
163 1 21 2 44 73 28 77 0 0
164 1 86 25 46 40 49 96 0 0
165 1 95 10 51 82 37 66 0 0
166 1 55 73 94 15 47 80 0 0
167 1 66 32 22 80 9 84 0 0
168 1 33 90 45 15 24 32 0 0
169 1 78 13 22 53 24 96 0 0
170 1 90 17 53 93 26 73 0 0
171 1 83 40 99 45 40 17 0 0
172 1 95 41 68 16 97 10 0 0
173 1 38 77 68 80 16 60 0 0
174 1 38 15 42 86 8 15 0 0
175 1 58 31 95 87 15 31 0 0
176 1 88 13 18 59 31 99 0 0
177 1 90 9 58 26 4 65 0 0
178 1 81 72 70 50 47 92 0 0
179 1 60 22 59 70 41 74 0 0
180 1 68 83 88 42 44 69 0 0
181 1 29 88 98 8 30 31 0 0
182 1 52 45 84 50 63 94 0 0
183 1 51 61 96 17 65 95 0 0
184 1 46 56 48 44 70 34 0 0
185 1 82 89 96 46 79 0 0 0
186 1 88 19 40 84 59 34 0 0
187 1 56 99 5 10 85 53 0 0
188 1 73 2 12 30 40 23 0 0
189 1 43 25 39 90 71 69 0 0
190 1 91 47 97 82 11 43 0 0
191 1 30 13 74 77 81 2 0 0
192 1 27 24 52 42 36 25 0 0
193 1 21 61 84 45 95 63 0 0
194 1 35 30 9 27 40 77 0 0
195 1 4 56 97 4 10 3 0 0
196 1 4 11 82 68 16 80 0 0
197 1 31 83 17 17 30 36 0 0
198 1 35 27 80 44 19 62 0 0
199 1 96 53 8 2 21 48 0 0
200 1 7 55 8 55 51 16 0 0
201 1 12 65 78 79 5 2 0 0
202 1 19 28 32 57 41 59 0 0
203 1 17 52 79 98 73 84 0 0
204 1 54 39 39 91 43 95 0 0
205 1 67 36 17 87 57 64 0 0
206 1 33 50 40 39 4 13 0 0
207 1 13 91 8 48 68 96 0 0
208 1 76 63 64 57 54 88 0 0
209 1 68 2 38 65 59 60 0 0
210 1 26 19 20 44 51 56 0 0
211 1 5 9 45 25 79 89 0 0
212 1 95 96 27 45 39 11 0 0
213 1 48 40 90 70 53 64 0 0
214 1 88 78 37 15 89 26 0 0
215 1 22 42 44 76 3 94 0 0
216 1 99 96 66 80 34 83 0 0
217 1 54 99 14 14 33 49 0 0
218 1 30 74 26 63 21 27 0 0
219 1 88 42 46 37 59 80 0 0
220 1 60 80 34 62 4 16 0 0
221 1 24 55 64 40 35 18 0 0
222 1 33 69 71 93 53 26 0 0
223 1 21 84 45 8 54 85 0 0
224 1 44 29 45 22 89 43 0 0
225 1 63 9 93 67 8 23 0 0
226 1 32 98 12 69 25 32 0 0
227 1 10 89 69 98 39 55 0 0
228 1 87 57 21 30 46 68 0 0
229 1 5 76 49 32 0 79 0 0
230 1 82 81 8 0 4 37 0 0
231 1 52 59 33 68 12 26 0 0
232 1 96 92 79 70 98 39 0 0
233 1 53 6 22 1 0 83 0 0
234 1 15 99 22 7 37 73 0 0
235 1 12 62 7 44 65 15 0 0
236 1 5 31 49 4 28 61 0 0
237 1 47 80 8 90 47 36 0 0
238 1 34 4 93 81 80 20 0 0
239 1 75 86 54 21 22 68 0 0
240 1 37 92 91 50 87 63 0 0
241 1 67 97 46 57 20 18 0 0
242 1 59 59 5 33 99 98 0 0
243 1 34 28 27 35 37 11 0 0
244 1 51 82 71 24 11 43 0 0
245 1 38 10 48 48 50 24 0 0
246 1 86 35 4 11 74 42 0 0
247 1 58 64 4 29 73 22 0 0
248 1 90 43 55 55 23 97 0 0
249 1 9 45 11 21 72 62 0 0
250 1 69 62 53 93 25 10 0 0
251 1 75 46 53 84 75 62 0 0
252 1 20 49 93 12 83 11 0 0
253 1 71 71 74 33 64 73 0 0
254 1 86 57 58 7 2 92 0 0
255 1 96 70 25 53 31 73 0 0
256 1 61 21 70 9 23 36 0 0
257 1 59 11 15 55 27 15 0 0
258 1 8 91 93 11 8 85 0 0
259 1 75 84 43 61 67 27 0 0
260 1 31 27 25 67 52 46 0 0
261 1 58 62 82 74 66 21 0 0
262 1 79 35 79 91 8 89 0 0
263 1 75 87 76 48 39 86 0 0
264 1 1 72 55 72 32 86 0 0
265 1 0 95 68 43 59 69 0 0
266 1 29 34 48 82 43 49 0 0
267 1 48 73 27 25 44 51 0 0
268 1 58 14 88 36 16 12 0 0
269 1 39 84 61 35 7 24 0 0
270 1 19 85 24 17 3 21 0 0
271 1 22 41 78 0 11 49 0 0
272 1 46 34 79 24 78 82 0 0
273 1 60 48 13 49 83 84 0 0
274 1 52 59 66 15 82 12 0 0
275 1 57 10 27 21 27 93 0 0
276 1 29 99 59 84 50 87 0 0
277 1 3 97 61 54 17 8 0 0
278 1 18 16 60 17 64 60 0 0
279 1 91 91 12 16 21 80 0 0
280 1 19 99 37 4 63 84 0 0
281 1 98 0 81 1 43 17 0 0
282 1 15 17 47 82 52 85 0 0
283 1 54 16 84 7 9 60 0 0
284 1 33 61 35 10 82 58 0 0
285 1 56 1 10 80 38 98 0 0
286 1 48 38 92 67 86 91 0 0
287 1 30 2 19 51 69 62 0 0
288 1 0 3 14 16 73 2 0 0
289 1 79 11 71 7 9 24 0 0
290 1 13 88 77 64 14 55 0 0
291 1 14 20 21 4 95 9 0 0
292 1 61 42 12 31 14 48 0 0
293 1 85 15 37 14 18 82 0 0
294 1 71 13 38 73 74 74 0 0
295 1 12 86 48 86 87 34 0 0
296 1 82 37 87 3 41 50 0 0
297 1 91 32 45 31 13 52 0 0
298 1 46 91 85 7 75 98 0 0
299 1 90 48 14 73 41 65 0 0
300 1 87 27 9 7 45 33 0 0
301 1 60 46 46 29 54 82 0 0
302 1 62 75 14 2 29 36 0 0
303 1 42 3 26 71 80 25 0 0
304 1 64 53 91 96 83 89 0 0
305 1 50 40 67 96 62 76 0 0
306 1 25 34 78 19 80 67 0 0
307 1 14 69 56 72 34 32 0 0
308 1 53 89 44 70 89 56 0 0
309 1 83 69 27 6 10 38 0 0
310 1 63 69 60 96 64 55 0 0
311 1 19 53 88 27 62 92 0 0
312 1 12 70 25 78 34 48 0 0
313 1 46 10 18 58 21 8 0 0
314 1 19 55 80 84 64 69 0 0
315 1 56 3 15 55 42 75 0 0
316 1 55 59 86 85 66 64 0 0
317 1 48 46 33 5 71 15 0 0
318 1 58 92 2 3 78 26 0 0
319 1 95 81 37 36 70 89 0 0
320 1 92 56 55 42 65 24 0 0
321 1 49 9 5 23 0 77 0 0
322 1 51 39 78 97 30 63 0 0
323 1 31 60 72 51 13 64 0 0
324 1 54 79 15 41 62 56 0 0
325 1 59 89 45 26 24 6 0 0
326 1 63 65 85 8 89 60 0 0
327 1 58 92 1 48 35 41 0 0
328 1 70 75 34 59 82 70 0 0
329 1 84 90 0 65 2 42 0 0
330 1 7 7 18 35 75 38 0 0
331 1 10 91 21 26 45 77 0 0
332 1 87 36 95 81 77 8 0 0
333 1 29 21 69 80 90 30 0 0
334 1 97 92 96 1 3 50 0 0
335 1 75 3 50 69 57 75 0 0
336 1 42 59 70 31 88 3 0 0
337 1 44 11 73 79 5 43 0 0
338 1 63 35 5 64 1 27 0 0
339 1 19 17 5 96 84 86 0 0
340 1 49 8 44 23 84 26 0 0
341 1 37 11 78 23 47 39 0 0
342 1 59 84 64 34 42 96 0 0
343 1 96 38 82 27 48 91 0 0
344 1 62 89 16 9 9 40 0 0
345 1 94 49 0 0 44 82 0 0
346 1 37 72 16 27 17 43 0 0
347 1 0 32 0 90 87 37 0 0
348 1 37 46 59 92 82 57 0 0
349 1 65 30 58 58 61 4 0 0
350 1 43 49 15 12 42 63 0 0
351 1 71 94 34 68 30 67 0 0
352 1 16 58 59 13 76 79 0 0
353 1 68 99 47 5 78 59 0 0
354 1 20 72 37 18 52 18 0 0
355 1 7 75 48 27 33 19 0 0
356 1 10 66 70 30 66 41 0 0
357 1 59 39 44 43 96 37 0 0
358 1 58 26 69 19 67 66 0 0
359 1 12 33 36 88 49 25 0 0
360 1 74 56 75 91 88 4 0 0
361 1 53 59 93 52 39 54 0 0
362 1 16 90 49 46 15 49 0 0
363 1 51 38 23 79 52 32 0 0
364 1 27 29 22 54 25 50 0 0
365 1 26 20 29 93 74 94 0 0
366 1 59 93 43 40 27 44 0 0
367 1 10 30 16 31 28 34 0 0
368 1 81 36 51 89 6 31 0 0
369 1 73 3 56 93 30 41 0 0
370 1 64 36 63 26 20 72 0 0
371 1 51 68 49 39 49 82 0 0
372 1 38 21 28 12 41 94 0 0
373 1 57 61 78 42 84 10 0 0
374 1 4 7 71 63 33 53 0 0
375 1 43 31 76 13 32 71 0 0
376 1 70 22 65 6 50 36 0 0
377 1 46 10 95 24 67 63 0 0
378 1 32 61 57 51 92 4 0 0
379 1 9 58 27 35 13 33 0 0
380 1 86 99 55 30 4 43 0 0
381 1 0 67 92 75 75 23 0 0
382 1 46 18 70 48 67 70 0 0
383 1 49 13 51 34 99 43 0 0
384 1 58 12 39 3 49 66 0 0
385 1 71 59 8 73 45 71 0 0
386 1 90 4 79 73 97 24 0 0
387 1 33 56 27 46 71 66 0 0
388 1 4 95 42 14 37 52 0 0
389 1 86 71 74 96 36 68 0 0
390 1 65 75 4 43 55 69 0 0
391 1 69 35 88 9 51 81 0 0
392 1 73 42 70 90 70 49 0 0
393 1 77 89 95 90 32 46 0 0
394 1 85 6 76 97 37 90 0 0
395 1 0 84 28 84 91 25 0 0
396 1 73 92 93 96 84 56 0 0
397 1 37 3 97 87 48 22 0 0
398 1 55 65 73 76 9 37 0 0
399 1 45 92 14 67 85 49 0 0
400 1 79 83 30 51 56 67 0 0
401 1 82 35 60 44 83 93 0 0
402 1 19 48 66 47 98 15 0 0
403 1 34 40 43 30 89 55 0 0
404 1 58 6 82 86 17 39 0 0
405 1 6 67 34 27 6 71 0 0
406 1 57 20 0 67 99 26 0 0
407 1 50 9 41 99 35 20 0 0
408 1 27 5 89 96 50 63 0 0
409 1 73 89 29 51 7 0 0 0
410 1 26 11 22 93 10 95 0 0
411 1 72 6 46 15 18 42 0 0
412 1 73 43 17 69 94 51 0 0
413 1 0 7 13 14 47 67 0 0
414 1 83 17 27 94 16 73 0 0
415 1 61 46 20 76 50 70 0 0
416 1 82 76 11 3 79 31 0 0
417 1 57 68 93 0 85 64 0 0
418 1 73 43 30 36 39 77 0 0
419 1 51 91 59 65 48 73 0 0
420 1 94 65 41 24 8 82 0 0
421 1 69 2 4 85 52 84 0 0
422 1 20 39 64 83 94 93 0 0
423 1 95 88 88 72 88 2 0 0
424 1 46 61 27 48 99 12 0 0
425 1 46 16 70 8 26 87 0 0
426 1 36 59 36 53 65 34 0 0
427 1 95 14 35 34 3 64 0 0
428 1 35 85 48 43 1 90 0 0
429 1 1 1 86 8 36 63 0 0
430 1 73 86 2 53 46 42 0 0
431 1 94 60 56 6 71 80 0 0
432 1 95 69 57 44 87 96 0 0
433 1 88 2 50 52 20 52 0 0
434 1 83 40 61 99 96 23 0 0
435 1 84 17 39 65 82 54 0 0
436 1 53 33 8 0 11 78 0 0
437 1 85 35 86 86 97 52 0 0
438 1 19 15 58 71 99 40 0 0
439 1 69 55 42 79 70 60 0 0
440 1 81 20 2 91 98 68 0 0
441 1 96 16 52 45 16 97 0 0
442 1 12 6 92 27 82 98 0 0
443 1 60 33 96 23 59 58 0 0
444 1 37 91 40 91 43 99 0 0
445 1 48 54 40 35 5 58 0 0
446 1 11 87 53 82 85 72 0 0
447 1 24 39 14 29 10 80 0 0
448 1 99 49 56 35 62 72 0 0
449 1 5 41 53 23 79 54 0 0
450 1 65 48 48 9 90 67 0 0
451 1 48 64 44 34 62 5 0 0
452 1 73 70 4 1 57 66 0 0
453 1 55 90 87 31 33 38 0 0
454 1 97 82 60 29 81 27 0 0
455 1 88 82 41 86 52 3 0 0
456 1 82 12 28 81 98 78 0 0
457 1 20 65 75 22 59 68 0 0
458 1 28 11 43 34 55 17 0 0
459 1 47 27 20 22 30 16 0 0
460 1 73 96 18 1 85 52 0 0
461 1 57 38 69 15 71 84 0 0
462 1 28 31 69 73 67 87 0 0
463 1 26 45 19 71 67 90 0 0
464 1 59 54 57 13 86 11 0 0
465 1 46 33 61 13 47 41 0 0
466 1 56 19 41 95 88 54 0 0
467 1 65 89 21 68 65 0 0 0
468 1 14 10 60 60 0 35 0 0
469 1 95 49 86 10 12 27 0 0
470 1 32 24 76 1 26 39 0 0
471 1 96 42 25 33 97 59 0 0
472 1 46 69 84 94 72 59 0 0
473 1 41 71 28 6 52 50 0 0
474 1 65 5 71 60 15 55 0 0
475 1 6 43 81 91 13 46 0 0
476 1 29 30 26 2 14 28 0 0
477 1 31 47 11 75 83 31 0 0
478 1 1 92 81 50 14 76 0 0
479 1 7 0 30 22 38 15 0 0
480 1 36 37 79 82 39 47 0 0
481 1 80 43 64 14 40 31 0 0
482 1 54 54 97 8 13 38 0 0
483 1 87 79 78 95 54 63 0 0
484 1 41 89 19 25 19 65 0 0
485 1 52 99 14 74 67 32 0 0
486 1 23 52 11 26 58 52 0 0
487 1 7 72 79 25 80 94 0 0
488 1 0 6 3 53 78 26 0 0
489 1 69 22 58 48 7 27 0 0
490 1 78 6 39 71 91 60 0 0
491 1 21 85 29 2 54 5 0 0
492 1 59 17 42 42 45 28 0 0
493 1 15 58 17 21 16 84 0 0
494 1 27 9 94 18 86 1 0 0
495 1 34 11 27 5 18 15 0 0
496 1 21 80 80 51 61 31 0 0
497 1 91 71 34 34 85 1 0 0
498 1 98 20 40 72 76 36 0 0
499 1 44 83 35 37 69 93 0 0
500 1 88 98 16 35 11 74 0 0
501 1 18 40 72 71 40 49 0 0
502 1 7 79 92 72 34 92 0 0
503 1 72 4 79 9 31 58 0 0
504 1 33 81 26 93 83 71 0 0
505 1 83 64 32 62 20 31 0 0
506 1 33 3 84 52 81 7 0 0
507 1 14 81 1 4 51 45 0 0
508 1 45 97 0 28 56 81 0 0
509 1 58 40 19 44 17 99 0 0
510 1 73 56 25 24 28 28 0 0
511 1 39 70 40 5 41 48 0 0
512 1 44 2 54 58 82 57 0 0
513 1 1 33 7 8 84 52 0 0
514 1 34 79 33 99 63 52 0 0
515 1 54 31 91 78 77 44 0 0
516 1 57 60 50 70 49 89 0 0
517 1 12 69 15 13 41 72 0 0
518 1 48 58 65 76 88 38 0 0
519 1 33 21 30 16 79 15 0 0
520 1 2 77 72 31 51 21 0 0
521 1 31 65 60 64 18 38 0 0
522 1 90 55 77 47 0 96 0 0
523 1 21 82 75 65 57 76 0 0
524 1 22 1 48 86 35 87 0 0
525 1 14 62 16 80 29 15 0 0
526 1 18 65 76 68 60 89 0 0
527 1 12 84 26 33 65 77 0 0
528 1 7 85 86 67 5 57 0 0
529 1 38 48 37 34 94 15 0 0
530 1 97 30 46 16 24 85 0 0
531 1 10 24 3 18 42 9 0 0
532 1 68 6 78 68 27 64 0 0
533 1 46 53 7 30 7 28 0 0
534 1 92 37 24 14 59 63 0 0
535 1 62 22 54 28 58 77 0 0
536 1 38 54 46 48 23 18 0 0
537 1 24 41 43 60 10 16 0 0
538 1 36 38 45 61 78 2 0 0
539 1 20 87 48 27 57 43 0 0
540 1 55 45 32 69 22 30 0 0
541 1 98 31 23 51 75 66 0 0
542 1 56 69 37 72 10 40 0 0
543 1 96 3 9 99 33 88 0 0
544 1 14 69 94 11 24 30 0 0
545 1 93 53 66 42 59 61 0 0
546 1 82 91 77 53 24 45 0 0
547 1 50 84 85 83 81 98 0 0
548 1 34 85 65 40 95 29 0 0
549 1 56 34 79 25 28 94 0 0
550 1 78 77 83 59 6 37 0 0
551 1 70 10 38 99 32 7 0 0
552 1 58 61 52 84 16 55 0 0
553 1 72 28 81 72 34 84 0 0
554 1 7 8 63 94 0 41 0 0
555 1 72 75 24 78 64 96 0 0
556 1 88 37 68 0 98 61 0 0
557 1 70 98 22 3 54 24 0 0
558 1 89 48 0 94 4 73 0 0
559 1 1 4 0 66 0 13 0 0
560 1 7 50 10 91 46 24 0 0
561 1 28 43 59 66 87 14 0 0
562 1 88 51 17 81 10 20 0 0
563 1 17 91 89 83 54 68 0 0
564 1 71 37 1 70 61 62 0 0
565 1 16 86 93 36 83 71 0 0
566 1 11 80 98 68 3 12 0 0
567 1 69 17 44 35 63 47 0 0
568 1 76 23 24 79 19 73 0 0
569 1 96 34 30 87 94 33 0 0
570 1 10 17 26 39 18 26 0 0
571 1 13 2 42 27 58 24 0 0
572 1 4 99 93 51 76 39 0 0
573 1 73 87 21 46 0 37 0 0
574 1 91 99 88 93 12 53 0 0
575 1 37 32 46 14 52 17 0 0
576 1 96 33 5 39 86 31 0 0
577 1 31 39 67 72 7 39 0 0
578 1 28 74 72 98 39 32 0 0
579 1 91 16 41 22 47 54 0 0
580 1 5 56 70 94 65 97 0 0
581 1 16 70 69 84 72 50 0 0
582 1 89 17 75 15 4 80 0 0
583 1 62 68 78 84 10 6 0 0
584 1 38 34 76 78 56 94 0 0
585 1 77 7 83 5 9 79 0 0
586 1 36 83 61 98 5 54 0 0
587 1 77 51 92 54 84 73 0 0
588 1 82 37 66 37 6 77 0 0
589 1 21 12 34 85 14 66 0 0
590 1 4 17 32 23 55 3 0 0
591 1 11 71 19 22 35 23 0 0
592 1 75 70 99 58 10 9 0 0
593 1 69 66 37 38 23 59 0 0
594 1 11 72 3 45 48 63 0 0
595 1 80 48 21 64 81 65 0 0
596 1 79 38 44 48 43 58 0 0
597 1 25 32 27 86 40 74 0 0
598 1 51 83 52 71 13 26 0 0
599 1 15 4 49 22 45 1 0 0
600 1 70 87 48 89 12 77 0 0
601 1 89 63 58 98 29 11 0 0
602 1 27 30 93 10 66 45 0 0
603 1 12 65 52 73 27 63 0 0
604 1 9 80 91 71 53 30 0 0
605 1 38 30 92 59 40 13 0 0
606 1 91 99 7 31 82 39 0 0
607 1 30 83 92 7 36 39 0 0
608 1 51 24 65 5 31 51 0 0
609 1 88 2 79 2 4 56 0 0
610 1 91 78 49 10 4 9 0 0
611 1 85 38 7 66 7 73 0 0
612 1 32 15 58 89 95 32 0 0
613 1 48 78 63 81 3 8 0 0
614 1 99 10 1 67 75 1 0 0
615 1 99 37 61 65 38 12 0 0
616 1 68 73 70 88 87 30 0 0
617 1 36 41 96 25 52 46 0 0
618 1 10 96 68 97 64 9 0 0
619 1 89 47 16 21 59 79 0 0
620 1 42 27 69 62 92 25 0 0
621 1 19 79 69 88 5 84 0 0
622 1 68 64 79 1 21 38 0 0
623 1 81 11 7 14 92 80 0 0
624 1 41 61 99 45 16 10 0 0
625 1 42 39 54 88 23 55 0 0
626 1 92 80 72 19 43 47 0 0
627 1 74 35 77 36 74 20 0 0
628 1 31 77 88 1 75 4 0 0
629 1 91 67 4 60 22 11 0 0
630 1 5 11 38 57 35 13 0 0
631 1 28 50 78 86 7 83 0 0
632 1 15 78 3 36 81 91 0 0
633 1 54 79 11 58 59 35 0 0
634 1 68 36 5 13 54 46 0 0
635 1 41 6 19 99 17 76 0 0
636 1 73 46 45 77 70 25 0 0
637 1 9 67 52 52 13 68 0 0
638 1 24 69 64 88 82 41 0 0
639 1 66 17 69 61 9 90 0 0
640 1 75 82 44 17 48 3 0 0
641 1 91 62 49 88 95 49 0 0
642 1 67 61 56 46 29 78 0 0
643 1 55 38 49 87 24 13 0 0
644 1 34 34 23 2 44 29 0 0
645 1 48 22 53 27 3 17 0 0
646 1 3 63 57 8 4 11 0 0
647 1 52 33 21 59 67 57 0 0
648 1 78 31 92 87 46 76 0 0
649 1 51 57 57 16 83 86 0 0
650 1 62 41 97 13 50 62 0 0
651 1 17 22 58 72 42 99 0 0
652 1 79 71 81 87 77 62 0 0
653 1 61 35 6 88 78 42 0 0
654 1 99 33 16 36 78 82 0 0
655 1 82 85 6 18 4 87 0 0
656 1 34 82 85 45 24 25 0 0
657 1 26 23 13 6 23 34 0 0
658 1 42 27 25 76 48 21 0 0
659 1 20 70 60 30 22 38 0 0
660 1 81 43 2 43 9 24 0 0
661 1 80 13 92 64 99 78 0 0
662 1 31 40 95 47 62 51 0 0
663 1 42 63 32 33 66 75 0 0
664 1 18 42 8 33 92 70 0 0
665 1 20 64 98 56 40 8 0 0
666 1 6 4 67 47 60 64 0 0
667 1 4 43 59 55 43 36 0 0
668 1 26 10 77 42 81 79 0 0
669 1 91 92 65 49 46 60 0 0
670 1 6 70 98 25 67 99 0 0
671 1 94 39 9 18 95 68 0 0
672 1 95 19 73 10 74 77 0 0
673 1 50 8 31 50 64 2 0 0
674 1 86 34 65 49 60 10 0 0
675 1 56 88 83 43 87 99 0 0
676 1 23 67 61 49 21 76 0 0
677 1 14 31 62 36 85 56 0 0
678 1 89 8 74 2 99 69 0 0
679 1 68 20 54 65 94 75 0 0
680 1 13 92 76 53 93 66 0 0
681 1 40 4 60 55 69 78 0 0
682 1 47 45 37 10 89 29 0 0
683 1 44 72 7 22 92 74 0 0
684 1 2 94 59 5 11 95 0 0
685 1 21 20 2 0 84 21 0 0
686 1 76 70 83 28 1 10 0 0
687 1 59 78 99 50 86 17 0 0
688 1 24 53 15 96 63 61 0 0
689 1 98 50 77 7 85 34 0 0
690 1 93 59 54 4 37 1 0 0
691 1 13 76 56 89 37 40 0 0
692 1 76 79 65 47 93 47 0 0
693 1 14 91 80 97 78 30 0 0
694 1 30 48 79 55 66 64 0 0
695 1 60 42 15 33 89 88 0 0
696 1 12 20 67 72 39 26 0 0
697 1 17 95 33 74 12 4 0 0
698 1 26 85 71 38 88 3 0 0
699 1 52 19 58 18 29 95 0 0
700 1 57 80 54 7 83 92 0 0
701 1 72 58 3 4 36 16 0 0
702 1 87 12 50 85 89 79 0 0
703 1 61 78 45 59 10 87 0 0
704 1 51 79 52 84 21 77 0 0
705 1 36 6 95 30 62 40 0 0
706 1 12 57 43 10 56 19 0 0
707 1 94 27 61 91 65 96 0 0
708 1 68 56 9 68 33 87 0 0
709 1 39 15 93 65 97 62 0 0
710 1 5 98 76 74 40 86 0 0
711 1 60 81 27 89 50 13 0 0
712 1 61 5 73 19 24 78 0 0
713 1 22 18 81 94 69 77 0 0
714 1 47 17 72 59 68 85 0 0
715 1 59 38 92 67 47 35 0 0
716 1 9 73 73 73 5 44 0 0
717 1 95 29 94 10 5 77 0 0
718 1 31 12 46 32 61 7 0 0
719 1 5 89 70 89 28 31 0 0
720 1 25 41 44 51 88 94 0 0
721 1 9 32 82 84 77 79 0 0
722 1 92 29 52 84 7 84 0 0
723 1 37 42 59 53 72 1 0 0
724 1 74 49 69 13 30 43 0 0
725 1 6 50 20 83 7 23 0 0
726 1 20 82 30 59 91 91 0 0
727 1 99 88 3 95 92 28 0 0
728 1 43 4 21 65 27 39 0 0
729 1 45 54 24 43 44 24 0 0
730 1 20 81 82 12 52 10 0 0
731 1 7 46 27 35 47 43 0 0
732 1 40 45 13 3 16 42 0 0
733 1 86 90 31 89 83 46 0 0
734 1 78 54 64 58 97 20 0 0
735 1 67 55 77 45 75 47 0 0
736 1 49 93 62 18 87 65 0 0
737 1 69 13 91 29 22 43 0 0
738 1 62 66 10 37 36 71 0 0
739 1 23 69 5 43 18 92 0 0
740 1 42 83 30 85 25 47 0 0
741 1 32 28 12 12 71 1 0 0
742 1 76 24 7 38 88 94 0 0
743 1 78 1 34 88 6 8 0 0
744 1 48 72 53 29 90 74 0 0
745 1 39 60 89 83 86 36 0 0
746 1 54 57 67 93 4 12 0 0
747 1 67 80 19 51 10 96 0 0
748 1 5 75 8 98 75 61 0 0
749 1 67 80 5 62 4 0 0 0
750 1 8 67 48 78 57 86 0 0
751 1 22 67 63 44 93 86 0 0
752 1 31 0 92 26 90 68 0 0
753 1 75 65 72 64 38 95 0 0
754 1 54 66 9 74 99 52 0 0
755 1 75 60 87 74 96 81 0 0
756 1 93 69 41 18 68 37 0 0
757 1 10 16 75 9 46 2 0 0
758 1 71 58 94 8 30 64 0 0
759 1 16 94 88 46 6 18 0 0
760 1 48 64 56 13 41 95 0 0
761 1 17 75 9 46 10 32 0 0
762 1 51 90 35 63 62 92 0 0
763 1 57 97 19 97 67 6 0 0
764 1 95 38 14 91 24 32 0 0
765 1 53 83 66 95 8 84 0 0
766 1 7 68 31 46 58 51 0 0
767 1 82 77 87 90 94 8 0 0
768 1 30 53 15 34 91 20 0 0
769 1 62 98 60 55 30 95 0 0
770 1 35 95 4 89 11 44 0 0
771 1 37 40 63 71 20 86 0 0
772 1 91 23 92 75 79 22 0 0
773 1 15 44 19 86 71 68 0 0
774 1 34 67 66 38 47 59 0 0
775 1 20 61 35 94 90 27 0 0
776 1 41 94 76 26 12 33 0 0
777 1 14 54 20 43 76 46 0 0
778 1 89 35 97 44 78 27 0 0
779 1 2 44 45 97 55 38 0 0
780 1 8 53 30 76 83 21 0 0
781 1 81 22 56 67 55 43 0 0
782 1 91 4 32 98 75 4 0 0
783 1 85 22 52 69 60 45 0 0
784 1 19 65 16 94 36 43 0 0
785 1 82 74 91 10 29 18 0 0
786 1 26 47 65 78 53 93 0 0
787 1 42 16 66 89 43 97 0 0
788 1 53 25 92 69 27 18 0 0
789 1 5 94 17 88 20 33 0 0
790 1 9 30 54 43 46 50 0 0
791 1 19 55 49 75 65 93 0 0
792 1 7 66 32 36 68 87 0 0
793 1 42 65 37 6 11 81 0 0
794 1 43 42 4 22 54 15 0 0
795 1 89 73 34 67 45 33 0 0
796 1 83 92 58 89 9 29 0 0
797 1 62 70 66 58 13 14 0 0
798 1 6 13 81 50 69 91 0 0
799 1 61 24 3 31 93 78 0 0
800 1 86 95 17 79 2 78 0 0
801 1 4 10 37 96 72 80 0 0
802 1 54 74 9 62 90 45 0 0
803 1 34 83 31 40 75 1 0 0
804 1 25 10 20 11 7 22 0 0
805 1 67 0 84 32 6 22 0 0
806 1 37 21 4 23 46 53 0 0
807 1 83 83 61 75 40 51 0 0
808 1 97 82 14 32 78 27 0 0
809 1 30 74 88 59 10 95 0 0
810 1 77 51 37 64 9 83 0 0
811 1 12 65 89 55 55 60 0 0
812 1 17 53 8 80 17 64 0 0
813 1 32 26 14 26 21 95 0 0
814 1 54 17 51 1 25 75 0 0
815 1 82 51 93 64 59 62 0 0
816 1 24 18 27 95 16 24 0 0
817 1 60 68 13 78 88 64 0 0
818 1 89 34 43 17 22 55 0 0
819 1 92 19 69 73 11 77 0 0
820 1 17 74 99 38 49 9 0 0
821 1 46 69 74 32 31 80 0 0
822 1 0 24 76 51 30 0 0 0
823 1 11 99 77 55 98 33 0 0
824 1 74 28 46 86 67 78 0 0
825 1 71 9 81 85 23 96 0 0
826 1 94 18 14 52 87 95 0 0
827 1 95 33 28 43 79 58 0 0
828 1 39 65 13 25 54 1 0 0
829 1 12 27 50 30 32 95 0 0
830 1 11 9 26 2 51 14 0 0
831 1 35 87 32 33 58 28 0 0
832 1 52 96 81 55 28 40 0 0
833 1 91 7 88 52 75 58 0 0
834 1 65 69 39 53 58 60 0 0
835 1 56 24 79 60 27 59 0 0
836 1 50 72 8 83 34 7 0 0
837 1 13 78 45 60 94 30 0 0
838 1 41 63 57 50 45 72 0 0
839 1 47 83 90 43 87 54 0 0
840 1 0 80 21 93 92 13 0 0
841 1 1 18 43 67 92 59 0 0
842 1 82 97 31 0 37 4 0 0
843 1 96 32 82 1 34 91 0 0
844 1 36 2 81 4 66 58 0 0
845 1 72 55 17 75 81 8 0 0
846 1 7 69 51 53 78 86 0 0
847 1 31 71 67 59 52 72 0 0
848 1 60 75 98 0 55 93 0 0
849 1 94 99 97 99 60 38 0 0
850 1 67 73 9 54 24 1 0 0
851 1 48 33 96 34 3 13 0 0
852 1 16 36 75 59 60 14 0 0
853 1 61 71 64 9 34 60 0 0
854 1 76 24 79 33 11 70 0 0
855 1 15 80 75 40 11 49 0 0
856 1 34 62 99 78 5 30 0 0
857 1 58 36 0 88 16 54 0 0
858 1 22 44 83 52 93 12 0 0
859 1 69 76 4 60 43 33 0 0
860 1 94 47 20 69 4 4 0 0
861 1 99 86 57 66 84 71 0 0
862 1 3 92 44 76 12 35 0 0
863 1 9 33 28 0 54 51 0 0
864 1 98 75 7 93 66 9 0 0
865 1 91 46 88 34 91 23 0 0
866 1 49 2 21 69 37 20 0 0
867 1 13 2 20 21 18 89 0 0
868 1 53 15 6 24 17 32 0 0
869 1 94 53 67 18 89 7 0 0
870 1 77 1 97 48 84 97 0 0
871 1 19 63 68 76 82 76 0 0
872 1 51 93 98 70 95 56 0 0
873 1 38 36 1 90 63 22 0 0
874 1 10 94 81 38 74 49 0 0
875 1 57 26 57 19 55 67 0 0
876 1 50 20 77 51 36 82 0 0
877 1 7 91 40 26 68 75 0 0
878 1 41 46 71 93 70 80 0 0
879 1 16 49 67 1 1 50 0 0
880 1 65 32 63 70 51 71 0 0
881 1 59 93 62 28 3 47 0 0
882 1 24 87 96 6 95 16 0 0
883 1 36 77 62 27 75 80 0 0
884 1 88 88 62 32 21 7 0 0
885 1 88 17 32 16 50 71 0 0
886 1 26 23 57 33 78 13 0 0
887 1 42 45 37 12 24 65 0 0
888 1 98 22 6 67 42 99 0 0
889 1 80 16 19 62 74 5 0 0
890 1 63 25 70 15 20 67 0 0
891 1 17 21 37 62 83 69 0 0
892 1 35 65 84 48 13 89 0 0
893 1 18 72 66 12 23 77 0 0
894 1 26 15 40 2 98 77 0 0
895 1 32 2 75 10 85 38 0 0
896 1 1 8 72 34 63 17 0 0
897 1 69 51 67 7 67 76 0 0
898 1 66 79 24 38 41 61 0 0
899 1 80 11 49 59 10 98 0 0
900 1 21 66 5 43 43 39 0 0
901 1 89 83 32 74 6 34 0 0
902 1 99 77 18 40 37 42 0 0
903 1 58 73 19 69 55 14 0 0
904 1 52 98 40 71 35 34 0 0
905 1 76 97 25 75 39 17 0 0
906 1 36 29 46 81 3 77 0 0
907 1 37 81 54 88 82 44 0 0
908 1 30 84 3 94 26 27 0 0
909 1 49 3 16 7 42 21 0 0
910 1 81 14 96 42 35 96 0 0
911 1 26 75 48 8 91 96 0 0
912 1 11 3 39 97 44 43 0 0
913 1 86 7 91 51 59 42 0 0
914 1 13 4 18 61 79 48 0 0
915 1 77 21 99 0 68 94 0 0
916 1 73 21 30 9 92 16 0 0
917 1 49 7 91 97 60 80 0 0
918 1 23 82 56 93 67 60 0 0
919 1 37 78 79 60 26 76 0 0
920 1 86 21 39 14 62 58 0 0
921 1 24 53 71 32 29 32 0 0
922 1 5 99 16 39 19 83 0 0
923 1 35 56 4 48 39 16 0 0
924 1 52 97 90 1 24 87 0 0
925 1 92 36 21 47 18 59 0 0
926 1 18 84 35 57 84 2 0 0
927 1 35 93 43 69 9 6 0 0
928 1 68 65 60 2 67 23 0 0
929 1 43 65 94 79 92 28 0 0
930 1 53 76 8 95 8 67 0 0
931 1 47 2 9 35 31 32 0 0
932 1 45 55 38 29 61 58 0 0
933 1 24 40 98 77 56 4 0 0
934 1 92 39 27 48 65 94 0 0
935 1 84 11 34 16 37 92 0 0
936 1 69 2 14 57 98 73 0 0
937 1 89 49 64 78 40 35 0 0
938 1 62 35 19 66 0 80 0 0
939 1 15 97 96 61 39 36 0 0
940 1 36 83 88 53 68 91 0 0
941 1 12 7 63 54 70 77 0 0
942 1 51 41 44 80 60 74 0 0
943 1 75 47 80 80 41 9 0 0
944 1 72 94 62 91 16 36 0 0
945 1 0 48 85 16 44 23 0 0
946 1 44 55 86 90 49 58 0 0
947 1 3 13 70 29 41 71 0 0
948 1 49 10 70 70 84 17 0 0
949 1 17 42 87 10 99 62 0 0
950 1 4 36 36 73 38 47 0 0
951 1 85 20 30 33 24 83 0 0
952 1 81 19 55 19 35 74 0 0
953 1 2 3 1 92 81 98 0 0
954 1 38 24 30 27 62 24 0 0
955 1 94 66 31 54 7 84 0 0
956 1 86 6 43 16 87 59 0 0
957 1 59 41 93 93 51 62 0 0
958 1 4 94 60 11 51 31 0 0
959 1 98 76 94 88 44 78 0 0
960 1 28 78 23 90 67 61 0 0
961 1 37 56 60 4 61 21 0 0
962 1 91 86 21 33 87 27 0 0
963 1 88 62 4 6 92 45 0 0
964 1 78 96 51 44 99 23 0 0
965 1 39 67 5 61 78 73 0 0
966 1 40 88 12 35 84 7 0 0
967 1 46 95 2 88 37 56 0 0
968 1 88 32 59 27 63 7 0 0
969 1 83 70 41 56 65 6 0 0
970 1 81 42 4 73 91 19 0 0
971 1 76 81 35 47 16 5 0 0
972 1 85 90 21 65 93 30 0 0
973 1 89 55 38 65 29 23 0 0
974 1 83 32 93 36 18 46 0 0
975 1 46 60 84 4 87 76 0 0
976 1 20 67 99 9 79 23 0 0
977 1 5 88 78 19 7 53 0 0
978 1 22 7 79 14 4 27 0 0
979 1 39 65 86 64 93 32 0 0
980 1 99 99 11 89 40 75 0 0
981 1 15 25 55 62 9 70 0 0
982 1 64 76 52 9 13 58 0 0
983 1 67 40 72 52 0 67 0 0
984 1 50 4 73 81 59 90 0 0
985 1 22 0 0 18 75 63 0 0
986 1 38 90 62 37 8 18 0 0
987 1 54 96 32 26 29 75 0 0
988 1 22 63 97 65 20 84 0 0
989 1 85 42 85 23 19 10 0 0
990 1 60 55 20 34 47 22 0 0
991 1 64 47 5 58 6 10 0 0
992 1 35 42 45 53 25 75 0 0
993 1 19 77 26 14 81 91 0 0
994 1 35 48 68 49 72 13 0 0
995 1 36 50 46 46 57 37 0 0
996 1 7 57 7 16 18 95 0 0
997 1 6 46 11 35 46 52 0 0
998 1 74 50 30 66 95 47 0 0
999 1 94 17 77 72 60 84 0 0
1000 1 38 80 17 15 28 49 0 0
1001 1 74 93 82 8 83 32 0 0
1002 1 25 41 68 33 66 76 0 0
1003 1 9 47 96 72 28 24 0 0
1004 1 28 43 41 44 12 9 0 0
1005 1 57 61 78 42 61 42 0 0
1006 1 53 73 15 39 81 55 0 0
1007 1 67 20 77 77 28 21 0 0
1008 1 83 31 19 36 43 66 0 0
1009 1 53 68 93 80 35 49 0 0
1010 1 95 50 24 67 70 31 0 0
1011 1 27 90 43 29 65 94 0 0
1012 1 0 29 69 24 77 40 0 0
1013 1 26 19 46 76 49 10 0 0
1014 1 69 97 55 45 70 41 0 0
1015 1 79 32 12 72 23 46 0 0
1016 1 76 57 34 27 96 34 0 0
1017 1 2 6 85 76 93 89 0 0
1018 1 19 13 26 7 54 63 0 0
1019 1 43 97 30 63 94 64 0 0
1020 1 71 10 55 10 83 54 0 0
1021 1 33 11 19 16 72 51 0 0
1022 1 75 44 79 41 69 79 0 0
1023 1 88 9 60 35 26 93 0 0
1024 1 4 30 77 61 69 24 0 0
1025 1 53 12 28 65 69 33 0 0
1026 1 38 57 95 33 93 92 0 0
1027 1 92 45 29 61 36 4 0 0
1028 1 27 16 60 55 46 8 0 0
1029 1 49 59 41 96 61 9 0 0
1030 1 65 9 37 94 49 23 0 0
1031 1 84 69 83 50 19 17 0 0
1032 1 78 20 70 39 36 63 0 0
1033 1 36 40 61 35 62 47 0 0
1034 1 85 49 19 61 87 14 0 0
1035 1 31 78 79 48 86 43 0 0
1036 1 62 95 70 43 61 61 0 0
1037 1 45 7 61 33 27 63 0 0
1038 1 61 62 4 98 53 42 0 0
1039 1 96 94 99 2 11 27 0 0
1040 1 62 44 35 41 35 51 0 0
1041 1 71 32 67 79 91 39 0 0
1042 1 37 66 14 19 69 19 0 0
1043 1 19 33 85 33 96 82 0 0
1044 1 93 4 5 55 95 89 0 0
1045 1 91 48 77 64 12 34 0 0
1046 1 17 74 41 28 77 86 0 0
1047 1 16 19 12 77 62 11 0 0
1048 1 3 35 66 97 62 83 0 0
1049 1 31 98 9 28 74 75 0 0
1050 1 55 8 84 77 32 65 0 0
1051 1 46 26 36 4 40 18 0 0
1052 1 22 88 83 87 50 9 0 0
1053 1 72 19 68 26 76 6 0 0
1054 1 10 26 20 23 6 89 0 0
1055 1 40 51 97 4 92 77 0 0
1056 1 80 84 94 99 9 6 0 0
1057 1 35 20 36 68 23 32 0 0
1058 1 9 44 41 56 82 12 0 0
1059 1 82 56 24 99 81 59 0 0
1060 1 49 72 88 95 8 39 0 0
1061 1 19 54 55 28 82 51 0 0
1062 1 86 60 30 35 95 33 0 0
1063 1 59 85 50 85 91 67 0 0
1064 1 91 35 5 47 72 78 0 0
1065 1 42 69 53 41 39 63 0 0
1066 1 92 84 83 96 79 8 0 0
1067 1 41 24 73 86 29 93 0 0
1068 1 27 64 79 98 63 45 0 0
1069 1 46 74 58 42 67 52 0 0
1070 1 92 26 73 73 30 29 0 0
1071 1 33 20 73 35 49 67 0 0
1072 1 7 91 88 33 65 1 0 0
1073 1 60 22 70 95 45 45 0 0
1074 1 57 20 39 94 89 10 0 0
1075 1 38 2 67 33 99 23 0 0
1076 1 5 9 90 30 55 29 0 0
1077 1 38 38 96 94 56 94 0 0
1078 1 62 97 30 8 84 21 0 0
1079 1 52 90 15 11 9 24 0 0
1080 1 86 4 96 55 53 63 0 0
1081 1 87 44 41 56 60 79 0 0
1082 1 30 7 67 86 26 16 0 0
1083 1 88 61 70 55 80 66 0 0
1084 1 37 31 59 32 52 6 0 0
1085 1 6 75 76 21 63 14 0 0
1086 1 54 33 46 46 90 21 0 0
1087 1 26 89 9 52 16 33 0 0
1088 1 43 14 82 30 81 80 0 0
1089 1 73 47 25 30 92 34 0 0
1090 1 86 81 72 91 6 6 0 0
1091 1 87 89 51 43 76 60 0 0
1092 1 27 10 82 0 20 50 0 0
1093 1 28 81 72 10 98 81 0 0
1094 1 67 49 66 75 14 18 0 0
1095 1 89 74 99 70 33 42 0 0
1096 1 50 73 5 91 77 5 0 0
1097 1 29 3 91 51 87 42 0 0
1098 1 19 9 34 17 58 49 0 0
1099 1 16 77 7 2 20 75 0 0
1100 1 23 75 95 69 75 90 0 0
1101 1 22 40 84 8 12 94 0 0
1102 1 55 30 75 3 39 86 0 0
1103 1 81 59 17 71 98 82 0 0
1104 1 55 17 59 54 46 66 0 0
1105 1 47 40 44 76 8 16 0 0
1106 1 72 88 4 97 50 68 0 0
1107 1 15 9 36 42 76 98 0 0
1108 1 8 93 46 81 52 75 0 0
1109 1 95 60 39 39 20 48 0 0
1110 1 16 1 37 83 50 38 0 0
1111 1 75 21 87 85 97 55 0 0
1112 1 59 49 20 43 55 72 0 0
1113 1 44 5 0 23 3 96 0 0
1114 1 74 78 87 37 29 95 0 0
1115 1 82 18 94 4 83 56 0 0
1116 1 26 16 49 67 71 45 0 0
1117 1 23 98 65 61 53 2 0 0
1118 1 24 91 1 30 90 14 0 0
1119 1 17 46 52 72 1 56 0 0
1120 1 45 18 94 32 34 28 0 0
1121 1 34 66 86 54 79 85 0 0
1122 1 95 5 15 52 45 28 0 0
1123 1 83 50 47 36 20 15 0 0
1124 1 27 27 43 81 1 40 0 0
1125 1 16 81 54 15 48 65 0 0
1126 1 83 1 27 53 35 28 0 0
1127 1 65 58 38 94 99 74 0 0
1128 1 8 64 16 57 82 82 0 0
1129 1 93 49 7 53 32 37 0 0
1130 1 94 38 29 89 73 47 0 0
1131 1 5 57 66 64 26 15 0 0
1132 1 20 8 53 25 62 91 0 0
1133 1 6 37 90 97 96 16 0 0
1134 1 65 82 59 57 99 90 0 0
1135 1 67 75 20 34 99 73 0 0
1136 1 86 94 52 14 33 0 0 0
1137 1 31 44 3 96 82 84 0 0
1138 1 71 19 89 13 11 40 0 0
1139 1 62 17 1 45 74 78 0 0
1140 1 83 30 20 29 60 53 0 0
1141 1 81 26 80 6 99 83 0 0
1142 1 2 29 96 56 49 79 0 0
1143 1 7 70 93 80 92 92 0 0
1144 1 77 71 79 1 38 98 0 0
1145 1 71 98 74 33 73 76 0 0
1146 1 53 39 15 68 9 63 0 0
1147 1 81 0 18 50 86 93 0 0
1148 1 76 84 83 52 98 63 0 0
1149 1 13 1 42 64 31 16 0 0
1150 1 8 10 93 92 35 86 0 0
1151 1 99 4 2 80 0 83 0 0
1152 1 3 70 21 58 90 36 0 0
1153 1 71 26 72 85 11 48 0 0
1154 1 94 69 13 61 60 21 0 0
1155 1 29 69 36 95 58 11 0 0
1156 1 12 64 16 67 0 45 0 0
1157 1 52 43 27 40 11 10 0 0
1158 1 31 48 31 26 76 37 0 0
1159 1 51 20 18 43 91 33 0 0
1160 1 2 95 95 23 85 23 0 0
1161 1 27 18 39 82 56 4 0 0
1162 1 43 73 58 87 7 31 0 0
1163 1 53 31 77 89 37 48 0 0
1164 1 17 13 50 4 50 61 0 0
1165 1 39 7 21 25 51 48 0 0
1166 1 88 75 22 31 23 46 0 0
1167 1 32 7 13 49 29 56 0 0
1168 1 5 73 27 61 52 15 0 0
1169 1 83 42 65 16 90 33 0 0
1170 1 89 99 41 62 60 14 0 0
1171 1 90 47 31 46 51 63 0 0
1172 1 72 1 42 58 31 61 0 0
1173 1 14 70 97 55 11 14 0 0
1174 1 1 40 85 30 28 76 0 0
1175 1 25 63 74 82 76 15 0 0
1176 1 90 29 8 83 59 26 0 0
1177 1 26 31 93 74 7 11 0 0
1178 1 91 41 55 16 16 22 0 0
1179 1 76 33 87 27 58 53 0 0
1180 1 38 11 88 66 87 69 0 0
1181 1 89 89 31 9 25 59 0 0
1182 1 7 67 11 29 93 79 0 0
1183 1 24 10 14 40 61 81 0 0
1184 1 21 52 93 81 73 44 0 0
1185 1 4 15 64 96 81 79 0 0
1186 1 93 26 35 87 29 61 0 0
1187 1 3 94 77 56 88 65 0 0
1188 1 78 97 86 57 80 90 0 0
1189 1 79 8 92 92 53 16 0 0
1190 1 69 35 99 48 89 10 0 0
1191 1 65 1 33 55 82 72 0 0
1192 1 45 27 56 2 34 9 0 0
1193 1 77 67 87 37 9 87 0 0
1194 1 88 95 96 14 92 5 0 0
1195 1 25 40 63 98 54 34 0 0
1196 1 37 61 57 95 30 33 0 0
1197 1 78 34 54 48 85 48 0 0
1198 1 89 12 51 34 76 93 0 0
1199 1 23 36 82 83 82 72 0 0
1200 1 20 89 46 79 35 53 0 0
1201 1 6 16 9 28 11 65 0 0
1202 1 64 82 86 35 6 88 0 0
1203 1 32 92 90 83 30 35 0 0
1204 1 49 52 3 21 1 57 0 0
1205 1 35 14 35 36 83 70 0 0
1206 1 59 11 5 14 66 26 0 0
1207 1 78 96 85 57 36 70 0 0
1208 1 30 94 16 43 84 44 0 0
1209 1 64 26 75 12 71 88 0 0
1210 1 69 60 42 16 52 24 0 0
1211 1 71 64 96 93 69 49 0 0
1212 1 51 19 77 98 60 0 0 0
1213 1 14 99 80 13 34 37 0 0
1214 1 7 99 72 99 64 97 0 0
1215 1 69 69 84 66 94 91 0 0
1216 1 81 88 86 99 17 96 0 0
1217 1 95 52 13 4 59 53 0 0
1218 1 12 60 55 88 68 33 0 0
1219 1 83 38 48 2 88 5 0 0
1220 1 83 58 86 48 51 35 0 0
1221 1 70 94 96 15 10 32 0 0
1222 1 23 37 84 19 67 21 0 0
1223 1 39 95 67 93 87 20 0 0
1224 1 64 91 66 4 51 15 0 0
1225 1 76 9 44 75 57 27 0 0
1226 1 5 35 72 55 51 61 0 0
1227 1 86 27 20 61 15 20 0 0
1228 1 29 22 11 56 19 78 0 0
1229 1 60 57 29 2 36 9 0 0
1230 1 1 68 91 8 84 22 0 0
1231 1 86 78 77 43 87 78 0 0
1232 1 41 10 30 78 38 43 0 0
1233 1 83 86 91 46 28 60 0 0
1234 1 72 20 39 42 14 11 0 0
1235 1 11 59 97 72 27 27 0 0
1236 1 46 96 34 30 30 32 0 0
1237 1 5 43 17 6 72 43 0 0
1238 1 31 54 16 27 66 84 0 0
1239 1 61 3 41 96 11 6 0 0
1240 1 91 52 5 48 94 72 0 0
1241 1 48 40 51 73 93 77 0 0
1242 1 69 4 76 86 25 22 0 0
1243 1 8 84 60 48 53 44 0 0
1244 1 25 24 97 77 90 21 0 0
1245 1 90 14 89 93 47 71 0 0
1246 1 47 25 97 68 97 18 0 0
1247 1 77 12 73 39 12 40 0 0
1248 1 95 10 98 15 44 12 0 0
1249 1 89 19 58 65 5 1 0 0
1250 1 28 28 37 86 37 8 0 0
1251 1 99 5 75 54 26 33 0 0
1252 1 40 44 89 93 68 54 0 0
1253 1 83 3 11 68 1 6 0 0
1254 1 94 39 6 90 29 35 0 0
1255 1 39 61 0 15 58 48 0 0
1256 1 62 12 81 88 1 89 0 0
1257 1 26 88 45 4 56 59 0 0
1258 1 68 50 44 99 30 44 0 0
1259 1 91 92 55 11 96 55 0 0
1260 1 81 69 77 81 81 64 0 0
1261 1 84 41 84 72 8 87 0 0
1262 1 61 95 52 50 54 76 0 0
1263 1 49 93 70 98 95 29 0 0
1264 1 43 41 35 14 73 71 0 0
1265 1 50 87 31 61 84 86 0 0
1266 1 23 29 77 51 57 97 0 0
1267 1 49 49 65 30 49 55 0 0
1268 1 73 99 84 83 39 6 0 0
1269 1 59 34 82 90 94 27 0 0
1270 1 43 65 43 20 57 4 0 0
1271 1 62 81 87 72 90 3 0 0
1272 1 90 32 92 5 78 16 0 0
1273 1 97 37 29 33 42 7 0 0
1274 1 71 92 68 84 8 5 0 0
1275 1 63 55 78 76 68 57 0 0
1276 1 79 73 19 50 92 81 0 0
1277 1 76 22 45 99 52 21 0 0
1278 1 45 50 26 20 56 3 0 0
1279 1 72 54 93 30 34 80 0 0
1280 1 41 89 82 65 3 13 0 0
1281 1 69 34 68 42 34 60 0 0
1282 1 92 79 57 38 48 69 0 0
1283 1 72 2 91 21 73 28 0 0
1284 1 76 98 64 18 15 98 0 0
1285 1 76 41 31 4 76 98 0 0
1286 1 76 97 87 20 69 83 0 0
1287 1 87 75 89 61 31 9 0 0
1288 1 94 4 45 80 43 74 0 0
1289 1 4 62 36 15 46 90 0 0
1290 1 80 4 86 61 61 97 0 0
1291 1 77 72 85 69 40 38 0 0
1292 1 60 50 91 38 21 15 0 0
1293 1 7 10 69 86 13 69 0 0
1294 1 77 51 14 59 36 82 0 0
1295 1 54 28 85 84 30 40 0 0
1296 1 48 94 92 75 88 82 0 0
1297 1 91 50 99 34 97 87 0 0
1298 1 0 25 99 67 92 94 0 0
1299 1 98 43 94 12 98 14 0 0
1300 1 17 92 62 19 57 94 0 0
1301 1 62 20 72 40 96 75 0 0
1302 1 32 36 52 90 59 8 0 0
1303 1 9 98 47 85 7 67 0 0
1304 1 35 69 59 12 81 5 0 0
1305 1 15 66 1 1 18 60 0 0
1306 1 32 16 13 47 95 65 0 0
1307 1 3 60 71 97 95 48 0 0
1308 1 34 16 94 1 69 0 0 0
1309 1 44 35 66 35 73 81 0 0
1310 1 43 27 73 82 98 4 0 0
1311 1 2 97 47 69 14 66 0 0
1312 1 29 61 74 35 68 30 0 0
1313 1 82 85 16 88 85 39 0 0
1314 1 85 40 18 4 84 4 0 0
1315 1 19 45 21 15 25 90 0 0
1316 1 79 99 85 60 79 38 0 0
1317 1 77 15 29 61 32 93 0 0
1318 1 54 23 4 0 27 8 0 0
1319 1 55 9 60 53 0 40 0 0
1320 1 54 53 36 28 8 58 0 0
1321 1 8 26 39 5 28 92 0 0
1322 1 75 50 28 67 28 62 0 0
1323 1 10 91 89 41 11 23 0 0
1324 1 85 13 23 34 42 90 0 0
1325 1 22 61 66 14 42 88 0 0
1326 1 52 56 64 61 47 98 0 0
1327 1 18 62 31 12 3 38 0 0
1328 1 56 80 18 8 49 35 0 0
1329 1 34 33 49 90 34 93 0 0
1330 1 31 69 66 74 99 97 0 0
1331 1 90 32 24 48 27 22 0 0
1332 1 22 19 46 98 30 20 0 0
1333 1 42 48 33 49 35 23 0 0
1334 1 94 97 39 89 0 59 0 0
1335 1 76 82 50 39 38 13 0 0
1336 1 9 36 37 3 79 2 0 0
1337 1 81 27 34 61 62 58 0 0
1338 1 30 47 44 62 17 86 0 0
1339 1 69 65 17 74 2 65 0 0
1340 1 48 65 65 37 87 58 0 0
1341 1 89 61 86 95 29 30 0 0
1342 1 78 8 72 62 37 87 0 0
1343 1 6 13 12 10 31 0 0 0
1344 1 10 0 89 34 99 62 0 0
1345 1 30 81 57 75 84 10 0 0
1346 1 90 44 16 2 7 85 0 0
1347 1 80 70 69 50 14 96 0 0
1348 1 27 94 65 22 35 83 0 0
1349 1 22 85 86 63 70 67 0 0
1350 1 6 60 23 51 12 97 0 0
1351 1 28 81 41 77 84 19 0 0
1352 1 60 92 76 89 33 95 0 0
1353 1 54 93 51 12 36 8 0 0
1354 1 31 78 81 10 99 26 0 0
1355 1 23 86 76 0 72 22 0 0
1356 1 16 49 83 84 7 44 0 0
1357 1 94 32 35 66 75 3 0 0
1358 1 89 54 42 7 86 90 0 0
1359 1 42 85 32 12 68 88 0 0
1360 1 21 46 20 34 66 51 0 0
1361 1 46 33 16 52 42 74 0 0
1362 1 65 82 42 75 42 18 0 0
1363 1 89 1 2 44 38 14 0 0
1364 1 82 76 86 32 73 95 0 0
1365 1 23 9 68 96 25 42 0 0
1366 1 23 35 94 60 3 14 0 0
1367 1 9 63 3 97 55 90 0 0
1368 1 47 47 82 2 92 83 0 0
1369 1 56 52 89 27 21 97 0 0
1370 1 61 78 48 28 46 19 0 0
1371 1 12 4 50 2 1 6 0 0
1372 1 33 97 16 8 34 37 0 0
1373 1 75 11 2 40 85 60 0 0
1374 1 97 73 88 33 83 53 0 0
1375 1 98 22 19 62 82 75 0 0
1376 1 42 1 12 86 36 46 0 0
1377 1 47 2 6 1 38 88 0 0
1378 1 58 94 49 38 91 3 0 0
1379 1 1 31 43 91 13 92 0 0
1380 1 37 99 14 99 13 48 0 0
1381 1 36 89 97 90 80 2 0 0
1382 1 60 12 43 69 26 89 0 0
1383 1 9 46 55 99 41 73 0 0
1384 1 49 67 15 95 33 17 0 0
1385 1 59 4 75 17 25 93 0 0
1386 1 73 88 25 99 37 59 0 0
1387 1 59 48 6 18 66 11 0 0
1388 1 37 71 87 6 80 67 0 0
1389 1 30 61 83 75 93 82 0 0
1390 1 93 85 69 36 34 78 0 0
1391 1 96 95 40 14 96 32 0 0
1392 1 25 68 94 10 6 3 0 0
1393 1 55 22 10 62 30 26 0 0
1394 1 22 54 56 66 79 85 0 0
1395 1 42 94 93 32 24 53 0 0
1396 1 44 5 0 34 99 55 0 0
1397 1 96 72 28 65 8 43 0 0
1398 1 50 72 57 86 76 94 0 0
1399 1 60 69 3 74 70 9 0 0
1400 1 3 41 17 68 33 59 0 0
1401 1 52 68 46 44 25 74 0 0
1402 1 48 81 47 10 96 28 0 0
1403 1 76 92 98 33 35 52 0 0
1404 1 90 23 53 97 16 32 0 0
1405 1 13 77 0 20 60 62 0 0
1406 1 69 87 22 4 0 96 0 0
1407 1 73 30 71 32 64 27 0 0
1408 1 32 26 44 23 53 45 0 0
1409 1 94 91 94 54 34 73 0 0
1410 1 84 85 18 3 25 72 0 0
1411 1 41 32 61 14 42 4 0 0
1412 1 62 49 96 80 81 81 0 0
1413 1 57 46 49 4 99 33 0 0
1414 1 31 19 97 99 79 30 0 0
1415 1 85 0 46 55 61 51 0 0
1416 1 18 44 99 31 38 71 0 0
1417 1 74 80 1 47 16 5 0 0
1418 1 93 64 37 56 11 9 0 0
1419 1 89 91 93 29 75 36 0 0
1420 1 54 82 51 80 93 75 0 0
1421 1 75 30 36 5 79 27 0 0
1422 1 30 24 22 84 94 5 0 0
1423 1 36 92 3 22 71 11 0 0
1424 1 26 95 20 49 37 73 0 0
1425 1 9 73 40 76 53 8 0 0
1426 1 60 11 77 24 54 32 0 0
1427 1 53 78 84 28 35 32 0 0
1428 1 46 94 41 80 53 37 0 0
1429 1 20 18 53 74 10 32 0 0
1430 1 63 35 15 67 26 64 0 0
1431 1 46 9 17 45 97 84 0 0
1432 1 56 71 12 42 26 71 0 0
1433 1 86 69 27 40 61 60 0 0
1434 1 63 30 18 99 44 57 0 0
1435 1 43 21 46 92 86 48 0 0
1436 1 68 87 94 28 75 97 0 0
1437 1 69 59 60 26 80 22 0 0
1438 1 43 67 8 72 89 53 0 0
1439 1 65 40 56 55 91 24 0 0
1440 1 7 87 8 49 33 24 0 0
1441 1 53 38 75 4 85 24 0 0
1442 1 1 84 38 59 93 3 0 0
1443 1 62 21 24 58 47 12 0 0
1444 1 91 3 97 93 72 51 0 0
1445 1 59 67 41 89 92 87 0 0
1446 1 27 43 88 12 32 99 0 0
1447 1 98 9 54 59 78 2 0 0
1448 1 0 58 33 60 48 91 0 0
1449 1 80 89 90 43 33 28 0 0
1450 1 52 17 96 85 67 29 0 0
1451 1 64 19 61 69 46 99 0 0
1452 1 65 99 23 30 96 24 0 0
1453 1 29 5 72 85 59 11 0 0
1454 1 74 41 59 98 7 22 0 0
1455 1 54 61 27 49 43 57 0 0
1456 1 66 98 90 60 7 26 0 0
1457 1 23 53 73 13 68 38 0 0
1458 1 96 5 20 21 38 13 0 0
1459 1 18 61 16 30 14 24 0 0
1460 1 59 22 50 6 71 31 0 0
1461 1 0 46 83 77 58 77 0 0
1462 1 47 5 54 87 10 34 0 0
1463 1 14 35 25 4 67 99 0 0
1464 1 98 8 58 12 58 0 0 0
1465 1 40 42 6 36 97 24 0 0
1466 1 98 69 20 77 63 79 0 0
1467 1 20 19 6 71 60 42 0 0
1468 1 42 56 95 40 95 90 0 0
1469 1 12 10 77 62 12 8 0 0
1470 1 81 24 45 20 24 78 0 0
1471 1 59 59 87 41 87 21 0 0
1472 1 19 23 50 20 69 78 0 0
1473 1 59 42 98 28 13 51 0 0
1474 1 93 41 66 44 75 95 0 0
1475 1 97 34 44 11 90 13 0 0
1476 1 29 29 1 16 21 38 0 0
1477 1 92 61 37 49 39 90 0 0
1478 1 4 22 99 44 18 38 0 0
1479 1 92 58 59 71 53 98 0 0
1480 1 57 54 98 84 62 79 0 0
1481 1 46 19 1 38 22 26 0 0
1482 1 57 28 30 92 91 11 0 0
1483 1 55 79 69 33 70 17 0 0
1484 1 44 79 75 66 95 22 0 0
1485 1 24 88 81 80 47 14 0 0
1486 1 54 57 29 73 63 62 0 0
1487 1 55 26 39 69 39 0 0 0
1488 1 23 37 92 47 71 4 0 0
1489 1 9 88 19 57 32 61 0 0
1490 1 68 9 93 7 18 58 0 0
1491 1 50 74 61 8 35 4 0 0
1492 1 23 38 69 11 42 43 0 0
1493 1 21 20 50 42 42 93 0 0
1494 1 4 35 49 53 3 31 0 0
1495 1 7 59 81 86 99 39 0 0
1496 1 77 15 80 22 92 54 0 0
1497 1 85 56 40 44 45 42 0 0
1498 1 95 14 76 49 34 57 0 0
1499 1 93 34 86 70 56 79 0 0
1500 1 30 24 59 71 37 92 0 0
1501 1 22 6 97 61 61 25 0 0
1502 1 78 4 37 72 42 28 0 0
1503 1 62 17 65 15 61 33 0 0
1504 1 86 19 79 70 61 36 0 0
1505 1 62 83 57 97 94 78 0 0
1506 1 12 8 76 99 22 9 0 0
1507 1 90 94 11 73 18 85 0 0
1508 1 9 15 59 8 92 3 0 0
1509 1 93 35 97 17 82 80 0 0
1510 1 4 52 37 63 64 76 0 0
1511 1 82 75 8 50 29 82 0 0
1512 1 85 24 59 86 48 75 0 0
1513 1 57 34 26 82 52 10 0 0
1514 1 34 97 33 83 25 24 0 0
1515 1 38 67 1 99 81 57 0 0
1516 1 65 46 65 1 20 53 0 0
1517 1 25 41 37 23 76 51 0 0
1518 1 19 79 20 59 52 80 0 0
1519 1 60 83 66 19 6 44 0 0
1520 1 55 72 76 60 92 34 0 0
1521 1 89 57 21 77 19 24 0 0
1522 1 19 73 30 94 41 14 0 0
1523 1 25 72 91 0 18 76 0 0
1524 1 4 25 86 93 65 44 0 0
1525 1 49 61 82 89 69 20 0 0
1526 1 22 87 95 93 1 38 0 0
1527 1 95 57 34 67 77 4 0 0
1528 1 95 9 98 59 27 67 0 0
1529 1 35 49 0 14 65 60 0 0
1530 1 29 79 62 24 84 49 0 0
1531 1 7 46 16 80 72 88 0 0
1532 1 50 56 48 15 97 96 0 0
1533 1 88 45 44 54 30 58 0 0
1534 1 69 9 92 71 21 78 0 0
1535 1 79 32 56 20 51 31 0 0
1536 1 61 90 15 77 86 15 0 0
1537 1 10 95 61 4 44 80 0 0
1538 1 35 88 38 54 59 57 0 0
1539 1 81 45 3 5 77 90 0 0
1540 1 23 97 73 68 90 4 0 0
1541 1 12 81 2 28 22 63 0 0
1542 1 35 49 28 9 16 89 0 0
1543 1 70 61 42 9 30 2 0 0
1544 1 53 72 81 31 88 40 0 0
1545 1 38 84 28 69 2 94 0 0
1546 1 21 13 97 23 41 64 0 0
1547 1 89 84 22 34 40 33 0 0
1548 1 36 18 26 96 13 24 0 0
1549 1 98 59 23 1 16 1 0 0
1550 1 17 43 15 89 93 80 0 0
1551 1 89 60 49 94 84 40 0 0
1552 1 24 73 41 21 79 39 0 0
1553 1 48 87 93 7 89 70 0 0
1554 1 11 7 50 50 12 6 0 0
1555 1 26 59 9 42 44 28 0 0
1556 1 2 79 67 56 33 62 0 0
1557 1 73 86 20 46 68 33 0 0
1558 1 21 80 17 10 92 98 0 0
1559 1 31 69 6 97 54 53 0 0
1560 1 15 57 77 52 26 11 0 0
1561 1 53 80 58 0 3 80 0 0
1562 1 81 7 13 17 55 70 0 0
1563 1 56 71 55 89 97 95 0 0
1564 1 85 0 85 85 56 53 0 0
1565 1 69 47 49 68 26 72 0 0
1566 1 9 33 12 64 57 79 0 0
1567 1 93 74 21 10 62 6 0 0
1568 1 38 85 37 68 53 71 0 0
1569 1 89 41 69 65 12 15 0 0
1570 1 37 78 20 39 16 61 0 0
1571 1 44 19 50 43 75 64 0 0
1572 1 36 40 80 0 40 86 0 0
1573 1 98 23 22 12 60 83 0 0
1574 1 25 40 21 54 25 0 0 0
1575 1 68 70 88 42 82 81 0 0
1576 1 2 27 28 18 37 98 0 0
1577 1 96 59 89 16 76 28 0 0
1578 1 40 3 17 4 0 97 0 0
1579 1 95 0 48 95 51 58 0 0
1580 1 70 45 42 54 32 74 0 0
1581 1 78 9 33 15 75 9 0 0
1582 1 57 93 55 70 25 59 0 0
1583 1 52 52 38 55 8 20 0 0
1584 1 32 56 63 40 40 18 0 0
1585 1 37 57 97 71 77 8 0 0
1586 1 89 28 80 45 12 19 0 0
1587 1 67 99 86 92 98 87 0 0
1588 1 87 47 3 92 88 5 0 0
1589 1 16 84 31 40 58 55 0 0
1590 1 43 58 78 27 99 83 0 0
1591 1 78 33 63 52 86 96 0 0
1592 1 77 41 92 18 83 97 0 0
1593 1 67 80 72 15 42 71 0 0
1594 1 84 7 85 63 37 81 0 0
1595 1 59 23 46 49 84 54 0 0
1596 1 77 86 71 33 26 30 0 0
1597 1 48 94 34 85 5 15 0 0
1598 1 4 80 29 25 99 14 0 0
1599 1 21 61 34 47 98 99 0 0
1600 1 61 61 78 65 1 54 0 0
1601 1 6 80 66 76 63 46 0 0
1602 1 40 96 81 80 14 83 0 0
1603 1 46 26 82 27 27 54 0 0
1604 1 69 13 76 13 87 36 0 0
1605 1 86 15 24 93 73 6 0 0
1606 1 91 2 16 2 86 37 0 0
1607 1 90 90 56 60 6 98 0 0
1608 1 35 82 29 11 93 5 0 0
1609 1 99 36 67 52 15 74 0 0
1610 1 36 74 92 35 0 81 0 0
1611 1 98 97 87 62 85 86 0 0
1612 1 93 17 93 69 6 86 0 0
1613 1 15 66 30 81 37 15 0 0
1614 1 58 63 34 93 1 99 0 0
1615 1 29 66 86 68 90 58 0 0
1616 1 84 38 94 19 32 64 0 0
1617 1 24 96 26 22 38 81 0 0
1618 1 17 85 92 83 79 16 0 0
1619 1 49 5 67 62 73 28 0 0
1620 1 93 99 86 63 77 56 0 0
1621 1 93 60 91 20 56 7 0 0
1622 1 95 92 13 40 6 69 0 0
1623 1 73 14 95 98 78 15 0 0
1624 1 49 81 92 18 10 21 0 0
1625 1 0 13 31 10 90 44 0 0
1626 1 46 24 54 37 96 48 0 0
1627 1 47 93 88 93 95 40 0 0
1628 1 55 10 97 40 33 86 0 0
1629 1 12 74 36 33 92 64 0 0
1630 1 58 42 3 83 8 34 0 0
1631 1 43 17 12 17 66 89 0 0
1632 1 11 96 40 46 94 59 0 0
1633 1 68 78 14 2 88 7 0 0
1634 1 21 8 72 85 19 86 0 0
1635 1 52 99 33 89 84 39 0 0
1636 1 40 39 48 89 54 30 0 0
1637 1 28 70 10 56 83 16 0 0
1638 1 65 41 55 25 70 71 0 0
1639 1 29 44 59 90 19 74 0 0
1640 1 37 96 31 16 46 55 0 0
1641 1 62 60 25 49 81 81 0 0
1642 1 67 7 58 0 88 80 0 0
1643 1 6 40 79 28 56 66 0 0
1644 1 92 48 31 42 94 44 0 0
1645 1 45 34 46 45 76 74 0 0
1646 1 30 0 4 56 74 79 0 0
1647 1 26 78 31 41 52 75 0 0
1648 1 98 19 53 59 97 54 0 0
1649 1 79 62 56 4 83 20 0 0
1650 1 52 69 26 23 34 60 0 0
1651 1 3 85 1 59 8 9 0 0
1652 1 86 10 76 62 14 82 0 0
1653 1 25 37 82 94 16 25 0 0
1654 1 56 67 61 55 27 93 0 0
1655 1 99 88 77 43 23 89 0 0
1656 1 14 63 7 56 4 69 0 0
1657 1 56 69 74 79 1 26 0 0
1658 1 41 76 72 21 16 95 0 0
1659 1 63 30 49 69 89 12 0 0
1660 1 37 4 61 62 12 21 0 0
1661 1 53 36 16 78 71 75 0 0
1662 1 39 2 66 60 4 6 0 0
1663 1 45 16 66 73 22 75 0 0
1664 1 93 82 69 69 76 48 0 0
1665 1 8 85 24 7 11 36 0 0
1666 1 90 74 33 4 37 36 0 0
1667 1 86 51 54 86 2 31 0 0
1668 1 56 60 45 31 98 16 0 0
1669 1 45 87 57 68 31 41 0 0
1670 1 84 85 60 53 31 15 0 0
1671 1 86 37 82 79 45 26 0 0
1672 1 69 82 83 86 98 92 0 0
1673 1 60 33 18 22 4 64 0 0
1674 1 77 60 41 12 87 90 0 0
1675 1 40 29 8 21 15 6 0 0
1676 1 9 23 39 91 24 73 0 0
1677 1 92 43 14 64 11 38 0 0
1678 1 29 49 3 95 89 33 0 0
1679 1 88 53 15 85 40 54 0 0
1680 1 34 29 91 83 74 17 0 0
1681 1 84 83 60 87 60 66 0 0
1682 1 71 10 33 5 39 13 0 0
1683 1 80 30 72 72 92 34 0 0
1684 1 53 26 20 33 63 3 0 0
1685 1 8 26 87 21 19 15 0 0
1686 1 13 94 67 10 38 91 0 0
1687 1 83 87 96 81 81 43 0 0
1688 1 56 71 80 72 51 52 0 0
1689 1 81 76 78 48 98 27 0 0
1690 1 54 57 62 19 93 93 0 0
1691 1 1 74 84 64 96 67 0 0
1692 1 98 36 71 92 57 36 0 0
1693 1 89 84 39 6 83 96 0 0
1694 1 41 29 2 50 70 47 0 0
1695 1 5 46 69 16 63 1 0 0
1696 1 33 95 79 62 43 10 0 0
1697 1 93 97 85 16 47 5 0 0
1698 1 69 55 14 39 71 41 0 0
1699 1 19 39 42 68 84 72 0 0
1700 1 50 41 10 5 1 96 0 0
1701 1 39 85 31 69 36 99 0 0
1702 1 18 11 41 89 70 0 0 0
1703 1 79 99 62 82 38 7 0 0
1704 1 43 2 11 36 23 60 0 0
1705 1 89 35 57 9 33 69 0 0
1706 1 33 15 10 9 88 51 0 0
1707 1 35 54 14 33 33 54 0 0
1708 1 17 58 50 47 47 39 0 0
1709 1 71 61 26 36 83 34 0 0
1710 1 20 67 80 4 39 5 0 0
1711 1 89 48 63 57 90 97 0 0
1712 1 70 71 52 91 51 54 0 0
1713 1 50 9 97 34 42 26 0 0
1714 1 6 85 23 68 4 51 0 0
1715 1 39 81 67 24 16 67 0 0
1716 1 90 48 94 4 0 98 0 0
1717 1 57 3 32 81 81 98 0 0
1718 1 38 65 47 22 23 78 0 0
1719 1 18 70 1 87 97 78 0 0
1720 1 79 76 88 3 82 37 0 0
1721 1 87 40 70 43 51 19 0 0
1722 1 13 0 88 65 50 37 0 0
1723 1 27 7 8 52 30 79 0 0
1724 1 50 27 10 78 98 75 0 0
1725 1 34 6 92 17 37 45 0 0
1726 1 68 42 2 79 7 86 0 0
1727 1 31 13 67 28 65 99 0 0
1728 1 14 71 24 77 56 34 0 0
1729 1 94 11 3 30 71 42 0 0
1730 1 94 42 56 51 53 57 0 0
1731 1 35 64 87 64 26 28 0 0
1732 1 50 35 3 98 68 50 0 0
1733 1 91 23 63 13 88 46 0 0
1734 1 82 17 35 42 95 12 0 0
1735 1 31 76 33 13 63 53 0 0
1736 1 15 46 44 12 21 63 0 0
1737 1 79 61 58 75 79 99 0 0
1738 1 55 60 0 25 94 88 0 0
1739 1 82 48 65 52 71 99 0 0
1740 1 31 91 58 64 82 31 0 0
1741 1 69 5 92 52 89 68 0 0
1742 1 3 18 49 31 85 65 0 0
1743 1 25 77 87 17 6 15 0 0
1744 1 29 59 48 25 48 3 0 0
1745 1 15 50 73 85 92 60 0 0
1746 1 99 96 16 91 28 22 0 0
1747 1 50 55 63 87 53 55 0 0
1748 1 42 30 28 29 81 16 0 0
1749 1 18 34 19 74 96 85 0 0
1750 1 1 10 43 92 33 74 0 0
1751 1 22 59 52 60 49 36 0 0
1752 1 13 18 18 28 24 83 0 0
1753 1 22 0 17 98 70 31 0 0
1754 1 4 63 92 18 44 93 0 0
1755 1 0 4 36 30 98 70 0 0
1756 1 76 31 83 87 29 89 0 0
1757 1 28 31 97 40 44 97 0 0
1758 1 23 17 77 37 12 84 0 0
1759 1 92 71 59 96 82 34 0 0
1760 1 35 5 55 19 12 4 0 0
1761 1 91 87 3 44 89 16 0 0
1762 1 45 43 13 22 11 29 0 0
1763 1 74 34 55 50 70 41 0 0
1764 1 4 19 90 57 49 30 0 0
1765 1 35 49 93 46 39 40 0 0
1766 1 98 45 21 55 40 37 0 0
1767 1 39 18 94 10 44 95 0 0
1768 1 91 58 73 74 15 62 0 0
1769 1 41 97 64 81 81 30 0 0
1770 1 98 65 45 45 32 77 0 0
1771 1 65 98 64 26 72 23 0 0
1772 1 86 45 43 76 47 83 0 0
1773 1 17 24 65 97 12 52 0 0
1774 1 16 21 64 15 27 70 0 0
1775 1 63 89 57 53 8 57 0 0
1776 1 44 24 42 33 18 4 0 0
1777 1 21 73 20 38 68 71 0 0
1778 1 97 6 74 60 67 84 0 0
1779 1 84 73 95 4 43 44 0 0
1780 1 52 16 5 47 25 59 0 0
1781 1 48 8 11 78 16 37 0 0
1782 1 64 94 85 31 56 15 0 0
1783 1 81 72 60 88 6 60 0 0
1784 1 19 28 60 62 72 71 0 0
1785 1 14 77 94 84 27 47 0 0
1786 1 97 20 63 56 84 63 0 0
1787 1 94 24 39 33 72 62 0 0
1788 1 67 32 52 94 16 59 0 0
1789 1 93 97 95 84 35 63 0 0
1790 1 67 54 79 49 48 86 0 0
1791 1 11 9 11 85 52 82 0 0
1792 1 40 18 14 98 96 36 0 0
1793 1 54 88 47 55 85 60 0 0
1794 1 55 42 42 50 92 46 0 0
1795 1 41 65 66 9 14 89 0 0
1796 1 43 83 46 3 72 30 0 0
1797 1 60 96 67 76 58 79 0 0
1798 1 64 61 66 50 49 29 0 0
1799 1 48 49 51 81 56 28 0 0
1800 1 76 44 96 6 48 48 0 0
1801 1 73 35 33 40 12 74 0 0
1802 1 10 78 9 61 68 44 0 0
1803 1 24 75 81 69 66 93 0 0
1804 1 16 92 69 34 42 68 0 0
1805 1 29 78 43 38 99 6 0 0
1806 1 61 56 32 78 0 45 0 0
1807 1 70 3 16 81 61 36 0 0
1808 1 33 97 49 17 66 69 0 0
1809 1 87 90 13 78 19 31 0 0
1810 1 83 28 27 97 43 64 0 0
1811 1 39 98 74 3 53 77 0 0
1812 1 9 24 45 78 52 48 0 0
1813 1 17 17 21 19 23 9 0 0
1814 1 12 81 34 15 35 16 0 0
1815 1 54 62 5 60 2 45 0 0
1816 1 98 69 92 96 70 28 0 0
1817 1 77 73 18 33 22 53 0 0
1818 1 68 68 41 44 60 96 0 0
1819 1 54 64 84 75 49 52 0 0
1820 1 86 46 8 37 79 54 0 0
1821 1 95 69 45 16 49 35 0 0
1822 1 62 76 94 78 96 5 0 0
1823 1 85 58 82 71 23 41 0 0
1824 1 43 1 83 5 87 63 0 0
1825 1 88 87 29 16 48 15 0 0
1826 1 68 99 80 2 24 83 0 0
1827 1 20 55 9 57 95 60 0 0
1828 1 5 17 4 64 50 33 0 0
1829 1 62 73 0 67 19 47 0 0
1830 1 83 56 69 22 46 40 0 0
1831 1 24 74 7 56 63 18 0 0
1832 1 56 72 6 29 52 14 0 0
1833 1 63 18 12 59 28 48 0 0
1834 1 35 34 19 37 38 59 0 0
1835 1 98 63 61 51 32 19 0 0
1836 1 48 44 98 79 57 60 0 0
1837 1 82 53 60 21 93 17 0 0
1838 1 91 42 73 19 71 41 0 0
1839 1 62 5 23 66 47 91 0 0
1840 1 15 60 41 3 88 80 0 0
1841 1 24 3 23 89 5 26 0 0
1842 1 2 88 68 42 3 98 0 0
1843 1 25 91 30 41 9 3 0 0
1844 1 53 67 43 97 10 56 0 0
1845 1 81 79 29 63 56 80 0 0
1846 1 93 10 54 61 83 1 0 0
1847 1 9 22 91 1 26 4 0 0
1848 1 83 10 41 8 5 8 0 0
1849 1 10 36 63 75 57 6 0 0
1850 1 69 45 6 88 35 80 0 0
1851 1 11 6 38 4 79 17 0 0
1852 1 76 58 51 93 65 23 0 0
1853 1 98 48 55 45 43 73 0 0
1854 1 48 7 86 70 52 63 0 0
1855 1 73 65 78 94 77 57 0 0
1856 1 8 61 27 44 67 78 0 0
1857 1 70 60 38 69 44 57 0 0
1858 1 22 95 14 84 93 92 0 0
1859 1 21 70 7 27 74 92 0 0
1860 1 59 15 70 66 44 40 0 0
1861 1 63 2 83 56 27 97 0 0
1862 1 63 67 82 99 85 47 0 0
1863 1 92 13 20 54 98 64 0 0
1864 1 49 33 80 29 70 85 0 0
1865 1 82 39 81 89 7 19 0 0
1866 1 38 85 98 20 84 59 0 0
1867 1 67 95 36 66 2 92 0 0
1868 1 41 18 53 26 88 39 0 0
1869 1 2 5 62 13 10 57 0 0
1870 1 29 75 71 18 32 36 0 0
1871 1 71 34 54 98 39 99 0 0
1872 1 54 97 17 1 92 33 0 0
1873 1 96 91 72 63 97 41 0 0
1874 1 86 49 64 49 97 99 0 0
1875 1 34 55 14 45 1 1 0 0
1876 1 19 6 3 25 60 26 0 0
1877 1 12 28 33 56 43 11 0 0
1878 1 64 99 99 23 12 0 0 0
1879 1 78 96 33 33 76 19 0 0
1880 1 84 11 53 27 0 20 0 0
1881 1 56 60 12 5 11 37 0 0
1882 1 29 16 58 88 68 95 0 0
1883 1 38 17 38 98 64 53 0 0
1884 1 23 56 54 62 40 26 0 0
1885 1 16 56 0 6 43 0 0 0
1886 1 13 12 25 35 15 87 0 0
1887 1 64 73 10 90 84 13 0 0
1888 1 41 14 52 45 39 23 0 0
1889 1 40 80 6 28 52 85 0 0
1890 1 33 50 76 60 58 67 0 0
1891 1 86 47 16 99 60 22 0 0
1892 1 20 55 58 62 5 32 0 0
1893 1 5 88 48 36 53 54 0 0
1894 1 15 98 31 52 13 29 0 0
1895 1 52 94 99 63 14 65 0 0
1896 1 29 52 18 94 51 71 0 0
1897 1 9 70 85 49 46 86 0 0
1898 1 30 66 6 17 32 82 0 0
1899 1 31 25 36 14 8 85 0 0
1900 1 53 9 33 67 73 1 0 0
1901 1 40 17 51 41 25 83 0 0
1902 1 63 44 67 62 46 67 0 0
1903 1 36 81 49 56 82 66 0 0
1904 1 72 23 68 15 78 80 0 0
1905 1 51 2 33 42 91 79 0 0
1906 1 99 92 87 56 89 6 0 0
1907 1 83 85 55 70 83 54 0 0
1908 1 61 26 38 75 89 62 0 0
1909 1 69 36 9 54 58 34 0 0
1910 1 84 99 88 97 48 39 0 0
1911 1 72 89 70 93 67 99 0 0
1912 1 29 89 34 94 43 15 0 0
1913 1 11 26 81 40 47 94 0 0
1914 1 52 23 30 52 18 49 0 0
1915 1 56 92 23 64 92 23 0 0
1916 1 19 47 26 95 84 3 0 0
1917 1 15 37 49 1 59 93 0 0
1918 1 2 86 22 14 25 81 0 0
1919 1 27 72 55 25 84 80 0 0
1920 1 25 42 96 64 42 3 0 0
1921 1 15 57 31 10 6 86 0 0
1922 1 91 33 49 29 31 50 0 0
1923 1 16 33 4 18 44 68 0 0
1924 1 85 89 95 88 54 8 0 0
1925 1 81 8 5 81 29 68 0 0
1926 1 28 21 95 2 61 35 0 0
1927 1 22 80 13 70 21 6 0 0
1928 1 82 54 88 14 98 25 0 0
1929 1 90 78 49 32 35 3 0 0
1930 1 58 74 88 32 28 34 0 0
1931 1 57 55 57 2 62 41 0 0
1932 1 73 8 89 80 68 76 0 0
1933 1 78 45 90 58 77 90 0 0
1934 1 88 69 61 63 3 45 0 0
1935 1 55 1 57 55 35 51 0 0
1936 1 51 31 60 27 40 68 0 0
1937 1 88 16 7 19 21 90 0 0
1938 1 22 6 91 0 95 33 0 0
1939 1 71 56 33 72 35 46 0 0
1940 1 6 90 25 23 39 91 0 0
1941 1 76 13 18 38 46 22 0 0
1942 1 15 60 53 82 38 82 0 0
1943 1 63 29 4 90 29 59 0 0
1944 1 29 14 93 47 38 62 0 0
1945 1 48 12 64 62 83 47 0 0
1946 1 93 62 79 52 89 53 0 0
1947 1 55 38 72 75 94 87 0 0
1948 1 25 61 92 12 43 94 0 0
1949 1 92 16 84 47 3 21 0 0
1950 1 50 42 28 57 55 29 0 0
1951 1 94 32 10 33 88 97 0 0
1952 1 69 78 71 36 39 10 0 0
1953 1 34 32 55 57 59 36 0 0
1954 1 45 87 54 24 15 66 0 0
1955 1 28 92 71 24 79 25 0 0
1956 1 58 67 49 37 99 10 0 0
1957 1 49 92 48 51 29 5 0 0
1958 1 23 23 80 15 29 97 0 0
1959 1 48 87 56 66 52 94 0 0
1960 1 30 21 21 77 45 80 0 0
1961 1 95 42 50 89 23 10 0 0
1962 1 80 97 56 86 82 87 0 0
1963 1 53 48 70 40 20 36 0 0
1964 1 76 86 45 33 90 59 0 0
1965 1 37 23 55 74 38 46 0 0
1966 1 99 17 28 78 94 23 0 0
1967 1 39 69 42 43 52 19 0 0
1968 1 78 88 78 65 10 53 0 0
1969 1 52 22 74 8 5 50 0 0
1970 1 42 28 88 99 95 22 0 0
1971 1 78 18 81 77 6 69 0 0
1972 1 78 20 1 34 52 87 0 0
1973 1 77 86 99 24 9 74 0 0
1974 1 78 22 40 84 88 6 0 0
1975 1 25 13 1 16 24 12 0 0
1976 1 0 54 53 28 32 62 0 0
1977 1 11 49 73 90 51 23 0 0
1978 1 76 75 53 61 37 61 0 0
1979 1 27 50 79 97 45 10 0 0
1980 1 71 52 84 71 93 74 0 0
1981 1 7 2 97 44 30 1 0 0
1982 1 23 34 88 16 55 2 0 0
1983 1 23 53 56 57 37 78 0 0
1984 1 87 94 75 79 18 10 0 0
1985 1 88 74 3 16 70 79 0 0
1986 1 48 9 39 46 4 95 0 0
1987 1 76 63 84 64 15 27 0 0
1988 1 26 39 31 31 7 79 0 0
1989 1 61 49 94 62 86 1 0 0
1990 1 30 8 14 63 97 4 0 0
1991 1 26 18 44 69 18 20 0 0
1992 1 58 14 4 32 51 58 0 0
1993 1 41 19 35 54 67 40 0 0
1994 1 20 19 37 13 80 10 0 0
1995 1 99 74 6 73 6 21 0 0
1996 1 33 64 5 70 54 21 0 0
1997 1 28 50 19 10 2 29 0 0
1998 1 80 59 66 83 7 90 0 0
1999 1 6 13 75 34 48 92 0 0
