20
0 1 15 81 29 14 7 20 0 0
1 1 95 16 68 48 70 93 0 0
2 1 45 29 9 69 64 28 0 0
3 1 82 37 47 56 4 81 0 0
4 1 40 32 76 47 79 54 0 0
5 1 14 48 54 61 39 96 0 0
6 1 51 46 5 83 66 15 0 0
7 1 46 76 53 88 28 94 0 0
8 1 37 63 68 49 59 17 0 0
9 1 49 20 64 42 98 31 0 0
10 1 14 67 85 50 83 82 0 0
11 1 83 79 33 52 85 33 0 0
12 1 45 23 30 50 89 73 0 0
13 1 86 39 1 99 70 26 0 0
14 1 48 33 17 7 36 88 0 0
15 1 49 73 33 84 28 10 0 0
16 1 67 74 72 73 70 69 0 0
17 1 58 38 79 0 89 77 0 0
18 1 11 62 52 80 4 16 0 0
19 1 70 4 71 83 70 20 0 0
