200
0 1 18 20 89 79 75 34 0 0
1 1 35 11 74 46 33 77 0 0
2 1 42 83 63 94 89 60 0 0
3 1 92 62 8 34 42 40 0 0
4 1 38 26 86 33 93 63 0 0
5 1 14 65 26 27 12 89 0 0
6 1 23 75 18 12 51 22 0 0
7 1 80 21 47 31 56 99 0 0
8 1 26 91 38 70 12 98 0 0
9 1 27 90 6 32 37 81 0 0
10 1 37 57 98 14 3 3 0 0
11 1 12 79 22 65 84 97 0 0
12 1 54 53 53 47 20 88 0 0
13 1 62 0 58 29 52 15 0 0
14 1 54 62 98 61 93 68 0 0
15 1 38 74 81 0 2 29 0 0
16 1 9 68 77 87 28 86 0 0
17 1 50 79 78 94 76 96 0 0
18 1 65 46 28 90 56 18 0 0
19 1 75 79 76 66 82 68 0 0
20 1 86 55 75 57 53 34 0 0
21 1 31 48 10 76 89 96 0 0
22 1 69 30 12 44 64 57 0 0
23 1 35 66 68 28 71 91 0 0
24 1 36 91 49 42 90 66 0 0
25 1 80 0 97 58 86 53 0 0
26 1 18 87 85 60 14 75 0 0
27 1 19 38 8 55 39 70 0 0
28 1 0 71 55 58 21 96 0 0
29 1 27 27 27 5 60 47 0 0
30 1 77 80 40 9 19 65 0 0
31 1 10 74 72 77 74 52 0 0
32 1 79 4 69 72 57 17 0 0
33 1 50 17 22 7 92 25 0 0
34 1 68 75 57 86 88 64 0 0
35 1 90 59 64 8 95 45 0 0
36 1 17 18 14 12 22 75 0 0
37 1 79 14 74 5 34 0 0 0
38 1 32 84 88 5 53 89 0 0
39 1 0 7 17 46 88 44 0 0
40 1 35 67 26 30 78 85 0 0
41 1 23 7 11 5 78 35 0 0
42 1 1 17 36 16 17 48 0 0
43 1 0 70 1 17 91 79 0 0
44 1 26 21 23 67 85 54 0 0
45 1 63 88 35 64 30 96 0 0
46 1 9 82 94 10 14 91 0 0
47 1 62 72 30 32 77 22 0 0
48 1 79 46 8 93 59 55 0 0
49 1 41 37 49 12 80 77 0 0
50 1 74 7 81 3 1 49 0 0
51 1 80 18 62 96 89 75 0 0
52 1 11 27 31 7 61 95 0 0
53 1 83 44 89 46 0 22 0 0
54 1 35 53 95 86 7 27 0 0
55 1 54 1 84 86 32 78 0 0
56 1 77 64 11 49 73 27 0 0
57 1 58 29 80 54 57 87 0 0
58 1 62 86 13 55 20 80 0 0
59 1 70 12 49 2 13 15 0 0
60 1 16 93 71 13 75 53 0 0
61 1 93 83 57 96 62 96 0 0
62 1 64 14 59 42 77 33 0 0
63 1 70 1 7 99 66 76 0 0
64 1 90 51 62 60 62 98 0 0
65 1 40 22 54 96 99 40 0 0
66 1 16 35 70 48 0 11 0 0
67 1 14 5 64 58 3 71 0 0
68 1 43 43 99 8 89 7 0 0
69 1 69 74 7 89 98 47 0 0
70 1 27 74 81 83 27 83 0 0
71 1 74 67 46 32 20 21 0 0
72 1 81 63 66 84 95 22 0 0
73 1 67 68 4 42 6 59 0 0
74 1 15 6 48 35 50 12 0 0
75 1 27 20 94 41 26 78 0 0
76 1 66 95 14 66 69 21 0 0
77 1 53 76 77 67 29 6 0 0
78 1 27 50 64 84 16 55 0 0
79 1 47 37 61 17 3 17 0 0
80 1 90 7 16 52 77 99 0 0
81 1 84 65 76 3 5 32 0 0
82 1 32 73 58 87 58 50 0 0
83 1 6 55 22 80 50 83 0 0
84 1 68 33 1 82 38 44 0 0
85 1 55 71 9 99 22 93 0 0
86 1 39 31 80 49 70 77 0 0
87 1 47 20 94 60 1 90 0 0
88 1 96 87 34 70 44 46 0 0
89 1 21 60 3 83 82 24 0 0
90 1 97 39 26 95 52 4 0 0
91 1 45 99 15 64 82 58 0 0
92 1 20 54 43 34 34 28 0 0
93 1 43 0 53 12 44 91 0 0
94 1 97 81 51 32 61 30 0 0
95 1 96 7 2 11 61 78 0 0
96 1 93 58 88 50 47 29 0 0
97 1 29 1 30 71 59 53 0 0
98 1 86 91 13 38 5 69 0 0
99 1 17 90 11 58 24 35 0 0
100 1 3 28 31 26 96 69 0 0
101 1 61 99 76 62 96 13 0 0
102 1 30 6 60 10 67 39 0 0
103 1 47 21 86 62 65 92 0 0
104 1 76 83 86 67 79 12 0 0
105 1 86 68 84 56 82 36 0 0
106 1 51 44 96 24 83 34 0 0
107 1 59 16 41 32 33 37 0 0
108 1 19 0 16 9 42 93 0 0
109 1 8 12 10 87 41 51 0 0
110 1 81 12 20 44 85 37 0 0
111 1 37 86 61 90 9 68 0 0
112 1 23 24 72 5 81 4 0 0
113 1 48 7 50 45 80 86 0 0
114 1 32 22 57 46 71 59 0 0
115 1 93 47 60 52 35 66 0 0
116 1 32 31 11 66 15 52 0 0
117 1 62 37 76 66 42 36 0 0
118 1 6 16 18 56 49 56 0 0
119 1 67 57 98 12 5 93 0 0
120 1 88 62 11 54 93 79 0 0
121 1 48 59 81 70 85 66 0 0
122 1 4 60 93 37 61 12 0 0
123 1 67 85 9 11 60 2 0 0
124 1 37 84 68 96 76 33 0 0
125 1 99 84 42 74 19 89 0 0
126 1 9 21 60 31 11 56 0 0
127 1 13 65 65 6 44 32 0 0
128 1 93 51 96 5 79 0 0 0
129 1 33 63 54 62 92 82 0 0
130 1 36 26 61 40 28 21 0 0
131 1 64 98 58 90 85 45 0 0
132 1 54 46 1 50 64 15 0 0
133 1 91 16 96 62 39 86 0 0
134 1 98 14 47 27 8 99 0 0
135 1 16 51 15 36 50 4 0 0
136 1 24 23 72 54 93 22 0 0
137 1 53 3 0 4 72 51 0 0
138 1 34 34 9 51 0 92 0 0
139 1 88 78 82 16 97 60 0 0
140 1 28 10 57 60 32 14 0 0
141 1 0 19 64 1 13 71 0 0
142 1 9 26 13 54 21 87 0 0
143 1 63 2 52 62 6 89 0 0
144 1 11 76 55 65 3 59 0 0
145 1 75 97 31 56 63 64 0 0
146 1 8 96 30 59 59 76 0 0
147 1 19 62 92 15 9 31 0 0
148 1 21 51 64 96 2 20 0 0
149 1 26 20 24 41 51 25 0 0
150 1 44 26 8 44 51 22 0 0
151 1 47 66 33 21 15 49 0 0
152 1 53 85 47 51 24 63 0 0
153 1 30 96 73 40 47 13 0 0
154 1 8 44 9 82 74 64 0 0
155 1 15 98 89 73 58 78 0 0
156 1 98 50 67 46 23 4 0 0
157 1 86 4 17 81 60 90 0 0
158 1 63 49 64 77 68 51 0 0
159 1 91 78 74 7 33 63 0 0
160 1 5 34 64 7 84 27 0 0
161 1 12 91 21 3 17 96 0 0
162 1 39 83 84 96 73 51 0 0
163 1 66 13 0 42 68 38 0 0
164 1 30 52 89 38 56 86 0 0
165 1 89 48 58 18 12 10 0 0
166 1 46 34 29 95 20 90 0 0
167 1 4 52 23 65 67 42 0 0
168 1 85 20 7 80 42 37 0 0
169 1 89 68 20 8 22 67 0 0
170 1 88 18 18 56 34 50 0 0
171 1 44 14 93 42 27 96 0 0
172 1 81 34 43 14 63 84 0 0
173 1 44 51 94 58 63 80 0 0
174 1 98 14 48 61 82 99 0 0
175 1 49 44 78 70 91 16 0 0
176 1 0 38 75 61 59 57 0 0
177 1 49 17 85 13 22 22 0 0
178 1 3 48 12 70 73 50 0 0
179 1 14 21 80 87 33 21 0 0
180 1 20 35 56 8 41 79 0 0
181 1 75 39 57 4 47 72 0 0
182 1 66 0 55 24 77 88 0 0
183 1 30 72 19 35 36 46 0 0
184 1 30 79 3 2 59 88 0 0
185 1 95 6 21 87 31 31 0 0
186 1 93 49 57 32 47 57 0 0
187 1 23 53 88 57 48 50 0 0
188 1 72 34 90 20 4 18 0 0
189 1 85 77 8 25 25 44 0 0
190 1 14 2 77 27 1 11 0 0
191 1 43 17 32 38 27 59 0 0
192 1 57 10 21 39 56 87 0 0
193 1 38 55 41 6 61 61 0 0
194 1 64 80 23 51 42 58 0 0
195 1 32 11 92 8 17 74 0 0
196 1 50 51 48 85 12 31 0 0
197 1 73 25 19 49 98 83 0 0
198 1 16 19 24 20 38 55 0 0
199 1 21 52 20 80 68 54 0 0
